01, 70055473811, 20230305041736, 20230305041739
02, 76501622388, 20230510030901, 20230510031841
02, 75811301604, 20230526123131, 20230526123204
02, 76041140513, 20230228015614, 20230228020946
01, 73226001430, 20230403050338, 20230403051750
02, 73141885555, 20230104181102, 20230104181128
01, 71780775137, 20230527013409, 20230527013539
01, 71780775137, 20230606160752, 20230606162235
01, 70055473811, 20230322070326, 20230322070805
01, 75063642644, 20230228231215, 20230228232012
01, 77054771658, 20230426222834, 20230426223034
02, 74114866216, 20230226044005, 20230226045143
01, 71822538478, 20230531182539, 20230531182951
01, 75811301604, 20230206083659, 20230206084726
01, 74442607648, 20230725194936, 20230725195341
01, 76418510486, 20230216105946, 20230216111327
01, 74442607648, 20230506195407, 20230506195455
02, 77528527308, 20230406044119, 20230406045331
02, 78328112676, 20230516190009, 20230516190335
02, 75803753411, 20230709140133, 20230709141525
01, 74166107712, 20230412220504, 20230412220757
02, 77222550453, 20230331055325, 20230331060301
01, 78881281034, 20230722220639, 20230722221418
01, 70753002464, 20230327025206, 20230327030414
02, 78328112676, 20230617063901, 20230617064125
01, 70753002464, 20230424180749, 20230424181850
01, 73508334364, 20230108094823, 20230108095819
01, 74114866216, 20230302234635, 20230302235007
02, 73385232301, 20230402005757, 20230402011210
01, 72216372011, 20230330091426, 20230330092440
01, 77343672150, 20230210213250, 20230210214044
02, 70753002464, 20230513070312, 20230513070756
02, 73385232301, 20230119054924, 20230119055732
01, 77565038525, 20230311160053, 20230311161139
02, 74068186835, 20230215165524, 20230215170120
02, 70633604204, 20230415112857, 20230415113818
01, 78378577311, 20230322124850, 20230322125131
02, 75063642644, 20230204220817, 20230204221057
02, 74068186835, 20230426075435, 20230426080143
02, 75700021820, 20230221164921, 20230221170146
02, 70633604204, 20230205031139, 20230205031402
01, 71822538478, 20230512165726, 20230512171219
01, 75780142223, 20230217045745, 20230217050329
01, 77036534123, 20230203102821, 20230203104221
02, 78243647753, 20230702070815, 20230702072059
02, 76202210424, 20230529181243, 20230529181314
01, 74442607648, 20230529172226, 20230529172237
01, 70577283018, 20230127200647, 20230127201129
02, 77036534123, 20230205020013, 20230205020201
01, 70238800474, 20230406201045, 20230406201532
01, 74332781056, 20230525162100, 20230525162736
02, 74658605174, 20230801024301, 20230801024551
01, 78378577311, 20230213185258, 20230213190230
02, 76501622388, 20230402174813, 20230402175217
01, 70055473811, 20230316023134, 20230316024607
02, 76468571667, 20230528173420, 20230528173623
01, 76202210424, 20230419200737, 20230419200829
01, 77565038525, 20230106074243, 20230106075327
02, 74332781056, 20230116183955, 20230116184656
01, 75803753411, 20230628220504, 20230628220900
02, 70666445160, 20230520182138, 20230520183357
01, 75114063216, 20230419094235, 20230419095250
02, 70633604204, 20230426075832, 20230426080027
01, 75803753411, 20230415200553, 20230415201443
02, 73420731761, 20230216154038, 20230216155536
01, 70345807306, 20230413065246, 20230413070117
02, 71822538478, 20230127224939, 20230127230128
01, 76041140513, 20230427221030, 20230427221404
01, 70345807306, 20230225213220, 20230225214139
01, 71858866203, 20230128052442, 20230128052557
01, 75114063216, 20230319001833, 20230319002616
02, 71240381178, 20230614180749, 20230614181958
01, 75700021820, 20230308073314, 20230308073710
02, 72775730131, 20230119215607, 20230119215655
02, 77054771658, 20230103101139, 20230103101745
02, 73416453083, 20230117150339, 20230117151728
02, 73508334364, 20230307174721, 20230307175655
01, 72102744026, 20230120055730, 20230120060459
02, 70238800474, 20230513132556, 20230513133626
01, 73141885555, 20230119233429, 20230119234421
02, 77802318645, 20230515172354, 20230515172543
02, 71822538478, 20230530114451, 20230530114528
01, 74121124248, 20230322031801, 20230322032550
01, 78184768034, 20230515080741, 20230515081059
01, 75811301604, 20230510061852, 20230510062550
01, 71822538478, 20230304105734, 20230304105915
01, 76202210424, 20230129152018, 20230129153251
02, 74442607648, 20230415154855, 20230415155828
01, 72102744026, 20230331063254, 20230331063547
01, 70335707348, 20230713201003, 20230713202130
02, 73486524284, 20230317230511, 20230317231042
01, 74228150361, 20230211233753, 20230211233840
01, 76482366358, 20230217210121, 20230217210908
02, 70704101646, 20230724121655, 20230724122019
01, 76041140513, 20230331071528, 20230331072127
02, 70850717715, 20230409013609, 20230409014648
02, 73784041253, 20230614084803, 20230614085718
02, 73508334364, 20230724171835, 20230724173047
02, 73486524284, 20230228190521, 20230228191331
02, 72520068330, 20230530071639, 20230530073125
02, 78178473344, 20230529204728, 20230529210052
02, 71240381178, 20230120050104, 20230120051013
02, 70335707348, 20230306045755, 20230306050413
02, 76851111173, 20230123041438, 20230123041835
01, 77054771658, 20230323020343, 20230323021814
02, 70335707348, 20230617193656, 20230617194916
01, 71858866203, 20230506162941, 20230506163935
01, 71413755134, 20230513002231, 20230513002253
02, 77528527308, 20230425120752, 20230425121003
02, 76242547242, 20230226175311, 20230226180244
02, 71780775137, 20230807093240, 20230807094301
01, 78184768034, 20230225133358, 20230225134051
01, 72235417888, 20230629175005, 20230629180416
02, 74068186835, 20230402162023, 20230402162856
01, 70287112718, 20230216170439, 20230216170658
01, 74114866216, 20230127231410, 20230127231620
02, 77565038525, 20230606094324, 20230606094546
02, 75061833246, 20230601184507, 20230601185016
02, 76468571667, 20230330160933, 20230330161829
01, 76683281360, 20230605164332, 20230605164638
02, 74114866216, 20230323112850, 20230323113254
02, 71673782082, 20230330233947, 20230330234646
01, 76482366358, 20230702024748, 20230702025705
02, 74228150361, 20230502225231, 20230502230307
02, 72235417888, 20230618052529, 20230618053349
01, 74068186835, 20230515091122, 20230515092302
01, 78378577311, 20230216141429, 20230216142241
02, 71858866203, 20230210050159, 20230210051436
01, 73486524284, 20230526073533, 20230526074252
01, 72216372011, 20230514080649, 20230514080725
02, 77528527308, 20230612124015, 20230612124918
01, 75770532120, 20230130082406, 20230130083125
01, 74442607648, 20230205111315, 20230205112000
02, 72706024647, 20230529094335, 20230529094551
02, 77052554284, 20230319130153, 20230319130258
02, 75801482047, 20230518201319, 20230518201452
02, 77222550453, 20230315114628, 20230315115054
02, 73784041253, 20230427120452, 20230427121507
01, 74671164335, 20230528030809, 20230528031544
01, 71218004482, 20230306101044, 20230306102054
01, 75061833246, 20230119022233, 20230119022242
02, 71673782082, 20230209004416, 20230209005424
01, 77222550453, 20230709183745, 20230709184708
02, 78178473344, 20230325110251, 20230325111049
02, 75563428838, 20230406073248, 20230406074421
01, 72235417888, 20230307183956, 20230307185407
01, 76382717112, 20230408080945, 20230408081902
02, 72775730131, 20230417193004, 20230417193733
02, 73226001430, 20230216231734, 20230216232335
01, 77036534123, 20230216031942, 20230216032629
02, 70016300112, 20230124103902, 20230124104327
01, 71673782082, 20230516000125, 20230516001004
01, 74114866216, 20230225224021, 20230225224717
01, 70850717715, 20230329023557, 20230329025009
01, 74166107712, 20230104140509, 20230104141004
02, 72235417888, 20230427124105, 20230427125551
01, 70848076746, 20230215231549, 20230215231916
02, 73571687053, 20230116072024, 20230116072615
01, 77054771658, 20230317195023, 20230317200119
01, 78881281034, 20230718053001, 20230718054406
02, 74671164335, 20230127233201, 20230127234540
01, 71218004482, 20230117143936, 20230117145422
01, 75700021820, 20230113194257, 20230113194959
02, 74658605174, 20230317021816, 20230317022056
02, 70345807306, 20230208040941, 20230208041614
02, 70345807306, 20230130085552, 20230130090321
01, 78328112676, 20230524205552, 20230524210320
01, 70753002464, 20230207172253, 20230207172848
02, 73141885555, 20230216103642, 20230216104746
01, 78616003685, 20230528203230, 20230528203707
02, 77036534123, 20230128025948, 20230128030107
02, 72520068330, 20230606200357, 20230606201822
01, 78881281034, 20230625054829, 20230625055624
02, 73226001430, 20230507075335, 20230507080732
01, 70704101646, 20230427030426, 20230427031349
02, 72216372011, 20230622032238, 20230622032454
02, 74458264013, 20230121132324, 20230121132618
02, 74068186835, 20230228120038, 20230228120503
01, 75770532120, 20230223115648, 20230223120733
02, 77157323570, 20230118022426, 20230118023923
01, 75063642644, 20230312090251, 20230312090924
02, 71780775137, 20230224085615, 20230224090113
02, 73571687053, 20230222063713, 20230222064735
02, 71780775137, 20230327162115, 20230327163517
02, 76418510486, 20230407131651, 20230407132542
01, 70770068216, 20230119161643, 20230119162932
02, 78328112676, 20230528021508, 20230528022354
02, 73508334364, 20230612110910, 20230612111942
02, 75801482047, 20230331044307, 20230331044825
02, 76833766868, 20230322045525, 20230322050743
01, 77036534123, 20230613072524, 20230613073223
01, 75563428838, 20230206075011, 20230206080421
02, 73416453083, 20230427213320, 20230427214017
02, 73571687053, 20230511181614, 20230511181817
01, 77343672150, 20230611150414, 20230611150646
02, 75803753411, 20230127121332, 20230127122056
01, 70287112718, 20230324082152, 20230324082651
01, 77668712426, 20230221204708, 20230221205012
01, 71240381178, 20230715165713, 20230715171049
02, 71780775137, 20230123214216, 20230123214920
02, 77668712426, 20230530131329, 20230530131731
02, 70848076746, 20230430150153, 20230430151431
01, 70633604204, 20230106173202, 20230106173711
01, 74671164335, 20230325112203, 20230325112832
02, 75770532120, 20230628215704, 20230628220719
01, 76501622388, 20230326060340, 20230326060755
02, 72235417888, 20230223125910, 20230223125925
01, 71218004482, 20230130181249, 20230130182412
01, 76242547242, 20230514224033, 20230514224307
02, 73784041253, 20230526152152, 20230526153456
02, 70704101646, 20230607071554, 20230607071614
02, 78178473344, 20230513043818, 20230513044925
02, 72868156865, 20230509170553, 20230509171326
02, 70016300112, 20230426165719, 20230426171124
01, 70850717715, 20230526211317, 20230526212704
02, 73486524284, 20230403180456, 20230403181436
02, 76851111173, 20230201173546, 20230201174424
02, 72520068330, 20230624101311, 20230624102227
02, 76418510486, 20230109212949, 20230109213632
02, 77157323570, 20230214232233, 20230214232506
01, 70577283018, 20230211033310, 20230211034517
02, 73528126364, 20230412003500, 20230412003828
02, 74166107712, 20230515044658, 20230515050031
01, 77343672150, 20230228110147, 20230228110747
02, 77157323570, 20230208174445, 20230208175319
01, 70633604204, 20230514042041, 20230514042800
02, 75803753411, 20230530131705, 20230530132128
01, 70666445160, 20230406163802, 20230406164859
01, 76714371187, 20230516044624, 20230516045051
01, 76202210424, 20230201145021, 20230201145747
01, 78616003685, 20230721172450, 20230721172712
01, 77078004317, 20230331113938, 20230331114600
02, 75780142223, 20230130125848, 20230130130126
01, 70345807306, 20230417024202, 20230417025249
01, 73385232301, 20230404181431, 20230404182850
01, 74272808181, 20230417182839, 20230417184105
01, 75563428838, 20230524021313, 20230524022536
02, 78328112676, 20230313183952, 20230313185108
02, 76482366358, 20230308215149, 20230308220325
02, 73528126364, 20230313140845, 20230313142036
01, 75801482047, 20230610160745, 20230610161623
02, 72216372011, 20230706015309, 20230706020228
01, 77882136073, 20230116135148, 20230116140303
01, 72706024647, 20230603014150, 20230603015612
02, 76501622388, 20230415154159, 20230415155507
02, 71822538478, 20230517172846, 20230517174340
02, 78881281034, 20230320143526, 20230320143719
02, 77078004317, 20230131094606, 20230131095548
01, 72706024647, 20230221063041, 20230221064133
02, 77078004317, 20230507124328, 20230507125023
01, 78243647753, 20230215075222, 20230215080346
01, 78378577311, 20230411164015, 20230411164737
02, 72047010464, 20230205044312, 20230205045255
02, 76482366358, 20230601054614, 20230601055358
01, 74671164335, 20230116213758, 20230116214653
01, 72520068330, 20230224054311, 20230224055111
02, 77078004317, 20230321102945, 20230321104344
01, 73420731761, 20230804001356, 20230804001356
02, 74458264013, 20230321090950, 20230321091919
01, 78616003685, 20230115160516, 20230115161140
01, 72425888764, 20230201070631, 20230201071809
02, 78243647753, 20230618182559, 20230618182749
01, 74332781056, 20230429020519, 20230429020548
02, 70770068216, 20230716160505, 20230716161104
01, 73784041253, 20230109113809, 20230109115015
01, 76041140513, 20230508005739, 20230508010131
02, 73571687053, 20230519210444, 20230519211737
01, 78384741203, 20230218140000, 20230218140508
02, 77882136073, 20230123224438, 20230123225459
02, 77222550453, 20230213144102, 20230213144437
01, 71240381178, 20230827152849, 20230827153826
02, 75803753411, 20230115014608, 20230115015617
02, 78243647753, 20230118062745, 20230118063642
01, 70287112718, 20230619143727, 20230619144642
01, 72520068330, 20230424023757, 20230424023828
02, 75801482047, 20230221093109, 20230221094137
01, 77588772704, 20230517162759, 20230517163731
02, 74671164335, 20230513215430, 20230513220654
01, 74458264013, 20230528044030, 20230528045334
01, 72706024647, 20230618174932, 20230618175352
01, 70704101646, 20230429234315, 20230429234734
02, 70770068216, 20230607114914, 20230607120228
02, 72520068330, 20230520094643, 20230520095016
02, 73141885555, 20230515102616, 20230515103558
02, 75114063216, 20230522202942, 20230522203722
01, 74114866216, 20230101075431, 20230101080015
01, 76833766868, 20230625221425, 20230625222734
02, 74671164335, 20230313123027, 20230313123243
01, 77588772704, 20230131184945, 20230131190434
02, 74272808181, 20230311204539, 20230311205010
01, 70016300112, 20230429032820, 20230429033944
01, 77668712426, 20230421165823, 20230421170404
01, 76714371187, 20230126021031, 20230126021829
01, 70016300112, 20230518030050, 20230518030230
01, 77078004317, 20230303193231, 20230303193327
02, 70633604204, 20230203074615, 20230203075145
01, 74458264013, 20230209143713, 20230209144131
02, 73486524284, 20230502174149, 20230502174850
01, 70345807306, 20230105142743, 20230105143734
01, 77078004317, 20230122101317, 20230122102330
01, 73528126364, 20230701124242, 20230701124953
02, 73385232301, 20230110220645, 20230110221631
01, 77036534123, 20230331004340, 20230331005537
01, 72102744026, 20230531024838, 20230531025146
01, 75780142223, 20230518014309, 20230518015338
02, 76242547242, 20230420143013, 20230420143458
02, 75061833246, 20230525053816, 20230525054152
02, 75801482047, 20230317021401, 20230317021943
02, 70287112718, 20230518004141, 20230518005547
01, 77054771658, 20230305150345, 20230305151018
02, 72047010464, 20230407172206, 20230407173037
02, 76418510486, 20230128143642, 20230128143755
02, 78243647753, 20230525015201, 20230525020212
01, 70633604204, 20230303234316, 20230303235246
02, 71673782082, 20230217184520, 20230217184546
01, 72425888764, 20230315203700, 20230315204110
01, 76202210424, 20230407033214, 20230407033224
01, 74458264013, 20230426070341, 20230426071043
02, 76683281360, 20230611224437, 20230611225733
01, 75700021820, 20230404083254, 20230404084526
01, 74114866216, 20230527203330, 20230527203954
01, 76714371187, 20230508055830, 20230508061327
01, 78616003685, 20230807191357, 20230807191650
01, 76041140513, 20230313102901, 20230313104120
01, 76851111173, 20230314212539, 20230314212817
02, 70753002464, 20230103114614, 20230103115620
01, 71218004482, 20230519205715, 20230519210339
02, 70345807306, 20230315131423, 20230315132909
01, 74658605174, 20230119145906, 20230119150741
02, 70577283018, 20230414174250, 20230414174726
01, 70704101646, 20230713010325, 20230713011627
01, 75563428838, 20230716120904, 20230716121429
02, 73784041253, 20230303141533, 20230303141653
02, 71780775137, 20230303190210, 20230303191601
02, 78384741203, 20230105210845, 20230105212103
01, 74458264013, 20230517220336, 20230517220909
01, 73416453083, 20230207081004, 20230207081149
01, 76382717112, 20230413115943, 20230413120019
02, 77036534123, 20230609061812, 20230609063155
01, 76202210424, 20230612135143, 20230612140214
01, 77343672150, 20230401090629, 20230401091551
01, 74068186835, 20230704024240, 20230704025231
01, 70220548724, 20230512055243, 20230512055545
02, 77078004317, 20230208000207, 20230208001154
01, 70850717715, 20230606072805, 20230606073657
02, 77052554284, 20230417170351, 20230417171445
02, 76242547242, 20230202045728, 20230202050109
02, 75803753411, 20230308181822, 20230308181929
02, 70850717715, 20230223034424, 20230223034700
01, 74166107712, 20230226014808, 20230226015421
01, 70704101646, 20230331231907, 20230331233129
01, 70753002464, 20230709190425, 20230709191829
02, 74114866216, 20230516071153, 20230516071336
02, 75780142223, 20230315202534, 20230315202550
02, 73486524284, 20230609060658, 20230609061517
02, 76833766868, 20230416204739, 20230416205113
01, 70287112718, 20230717094353, 20230717094825
01, 71822538478, 20230331051737, 20230331053018
02, 73486524284, 20230524202831, 20230524203316
02, 76382717112, 20230604004844, 20230604010034
01, 75770532120, 20230405170720, 20230405172045
02, 74671164335, 20230618101958, 20230618102937
01, 77157323570, 20230304070417, 20230304070849
02, 76382717112, 20230425093219, 20230425093847
01, 72216372011, 20230222234025, 20230222235506
02, 77036534123, 20230321111226, 20230321111417
01, 71240381178, 20230228032802, 20230228034020
02, 78243647753, 20230424023328, 20230424023542
01, 70848076746, 20230316163835, 20230316164022
02, 71413755134, 20230403213352, 20230403214749
01, 77052554284, 20230315033829, 20230315034419
01, 72047010464, 20230420141025, 20230420141612
02, 73571687053, 20230301175803, 20230301180911
01, 70220548724, 20230202022032, 20230202023013
02, 74811080402, 20230308013513, 20230308013527
01, 76816843647, 20230122023219, 20230122023753
01, 74811080402, 20230628005542, 20230628010937
02, 73486524284, 20230505133343, 20230505134012
01, 72775730131, 20230228130533, 20230228131119
01, 70577283018, 20230228174722, 20230228175130
01, 70848076746, 20230225204325, 20230225205109
01, 78184768034, 20230318073649, 20230318074405
02, 76202210424, 20230210180841, 20230210181830
01, 75780142223, 20230307172717, 20230307172957
01, 78384741203, 20230209204439, 20230209205520
02, 75700021820, 20230416082314, 20230416082647
01, 72775730131, 20230311030118, 20230311031205
01, 72102744026, 20230313031204, 20230313032152
01, 71858866203, 20230204142924, 20230204143102
01, 73528126364, 20230518004416, 20230518005749
01, 77157323570, 20230320203232, 20230320203724
02, 76816843647, 20230714041521, 20230714042206
01, 77802318645, 20230128124820, 20230128124910
01, 70345807306, 20230408100439, 20230408101818
02, 70850717715, 20230522132854, 20230522132959
02, 76566040868, 20230114171354, 20230114172821
02, 70287112718, 20230202123458, 20230202124412
01, 78328112676, 20230614135643, 20230614135828
02, 77078004317, 20230530024948, 20230530025010
01, 76566040868, 20230410053345, 20230410054527
02, 74811080402, 20230526033035, 20230526034516
02, 75061833246, 20230208055722, 20230208060319
01, 78616003685, 20230211035241, 20230211035328
01, 78243647753, 20230608133056, 20230608133518
02, 70850717715, 20230704075735, 20230704080531
01, 78243647753, 20230517021913, 20230517022830
01, 77157323570, 20230302132507, 20230302133938
01, 70345807306, 20230322141616, 20230322142510
01, 72868156865, 20230107141330, 20230107142025
01, 70666445160, 20230115051020, 20230115051517
01, 73385232301, 20230426174554, 20230426175648
01, 74166107712, 20230113213807, 20230113214326
01, 78178473344, 20230119012305, 20230119012337
01, 74811080402, 20230527173320, 20230527173503
01, 77052554284, 20230307164047, 20230307164705
01, 73528126364, 20230601230421, 20230601231030
02, 70220548724, 20230216070546, 20230216070705
01, 75811301604, 20230502220557, 20230502221911
01, 78184768034, 20230301233209, 20230301234241
01, 77343672150, 20230504002555, 20230504003942
01, 70238800474, 20230401120432, 20230401120901
02, 74332781056, 20230216051312, 20230216051901
01, 76501622388, 20230207191145, 20230207191425
01, 71858866203, 20230106122755, 20230106124021
01, 74442607648, 20230319051709, 20230319051901
01, 72775730131, 20230713163550, 20230713164615
02, 74228150361, 20230403224346, 20230403225815
01, 74458264013, 20230408184243, 20230408184714
02, 77528527308, 20230115084917, 20230115085535
02, 76714371187, 20230329235637, 20230329235741
01, 73571687053, 20230621042232, 20230621043258
02, 77668712426, 20230327131406, 20230327132322
01, 75801482047, 20230603205855, 20230603211254
02, 72047010464, 20230512123710, 20230512124017
01, 75803753411, 20230615022954, 20230615024113
01, 78184768034, 20230607042624, 20230607042805
02, 75803753411, 20230516205409, 20230516205545
01, 71673782082, 20230113072108, 20230113072604
01, 70345807306, 20230416231401, 20230416231956
01, 73784041253, 20230313015706, 20230313020213
01, 73571687053, 20230102230322, 20230102230920
02, 73420731761, 20230609103542, 20230609104441
02, 70055473811, 20230423142128, 20230423143556
01, 76683281360, 20230711022148, 20230711023228
01, 70016300112, 20230525191010, 20230525191036
01, 77052554284, 20230505201048, 20230505202043
02, 70345807306, 20230630061557, 20230630063030
01, 78184768034, 20230522181650, 20230522181833
01, 71780775137, 20230326024127, 20230326024159
02, 70287112718, 20230714190344, 20230714190851
02, 75770532120, 20230313102549, 20230313103607
02, 72425888764, 20230410003711, 20230410004203
02, 76566040868, 20230216014657, 20230216015534
02, 71240381178, 20230319162126, 20230319163534
02, 70850717715, 20230507203438, 20230507204550
01, 70238800474, 20230422085933, 20230422090838
02, 76683281360, 20230519123921, 20230519124824
02, 77157323570, 20230127094407, 20230127095819
01, 75063642644, 20230328060840, 20230328060923
01, 73416453083, 20230304231416, 20230304232344
02, 75563428838, 20230429102805, 20230429103229
01, 76382717112, 20230228044920, 20230228045814
02, 78378577311, 20230119164343, 20230119164948
01, 77882136073, 20230728201343, 20230728202348
01, 72868156865, 20230411180246, 20230411181644
02, 70220548724, 20230221110104, 20230221110116
01, 72425888764, 20230226053119, 20230226053220
01, 76566040868, 20230527195418, 20230527200841
01, 76714371187, 20230323144933, 20230323145148
02, 77528527308, 20230311173143, 20230311174159
02, 75801482047, 20230228225853, 20230228230355
01, 76468571667, 20230204233526, 20230204233743
01, 76156457082, 20230220233123, 20230220234257
01, 77054771658, 20230204234911, 20230204235827
02, 77343672150, 20230426204621, 20230426205128
02, 74166107712, 20230402072057, 20230402073140
02, 70770068216, 20230227021337, 20230227021613
01, 77588772704, 20230622022013, 20230622022120
01, 70220548724, 20230304110347, 20230304110356
01, 78378577311, 20230708013143, 20230708013448
01, 74658605174, 20230203140302, 20230203140357
01, 76382717112, 20230127045816, 20230127050451
02, 71240381178, 20230419070325, 20230419071335
02, 75780142223, 20230128132749, 20230128133128
02, 76156457082, 20230506212058, 20230506212703
02, 70770068216, 20230402155544, 20230402160530
01, 75563428838, 20230701172139, 20230701172855
01, 76202210424, 20230601121637, 20230601122629
02, 77052554284, 20230129143540, 20230129143650
02, 74068186835, 20230220234631, 20230221000051
02, 75811301604, 20230120113345, 20230120114525
02, 78184768034, 20230128111251, 20230128112023
01, 77528527308, 20230322042948, 20230322044159
02, 77157323570, 20230324175658, 20230324180214
02, 76714371187, 20230331211323, 20230331211638
02, 75770532120, 20230103125417, 20230103125932
02, 73420731761, 20230721215828, 20230721220521
01, 76501622388, 20230331085058, 20230331090352
02, 70577283018, 20230619084255, 20230619084946
01, 71413755134, 20230206175020, 20230206175142
02, 70335707348, 20230222103604, 20230222103830
02, 70016300112, 20230304055501, 20230304060812
02, 70016300112, 20230418095942, 20230418100749
02, 75770532120, 20230527073630, 20230527073753
01, 71780775137, 20230116211906, 20230116212713
01, 73416453083, 20230129143232, 20230129143908
01, 70016300112, 20230605131409, 20230605131526
02, 76566040868, 20230423190503, 20230423191106
02, 73226001430, 20230204212030, 20230204212411
01, 77588772704, 20230514132447, 20230514133500
02, 78378577311, 20230510024953, 20230510025904
01, 76342060083, 20230515010607, 20230515011337
02, 70238800474, 20230326160242, 20230326160659
02, 76566040868, 20230327005230, 20230327010241
01, 71673782082, 20230502235814, 20230503001234
01, 70666445160, 20230207075606, 20230207080048
01, 77222550453, 20230521191139, 20230521191738
01, 71780775137, 20230613015624, 20230613020239
01, 74068186835, 20230625172155, 20230625173015
01, 75770532120, 20230128090959, 20230128092228
02, 74121124248, 20230209102842, 20230209103324
01, 77882136073, 20230613075253, 20230613075858
02, 75803753411, 20230323184718, 20230323190100
01, 77052554284, 20230115001206, 20230115002427
01, 78881281034, 20230131073100, 20230131073528
02, 75700021820, 20230408225721, 20230408230732
02, 73385232301, 20230513052845, 20230513054231
02, 74458264013, 20230214161930, 20230214163137
02, 75811301604, 20230414104131, 20230414104837
02, 72102744026, 20230612084843, 20230612090139
02, 77036534123, 20230510065616, 20230510070222
01, 75801482047, 20230417181603, 20230417182301
01, 76041140513, 20230616174642, 20230616180051
01, 78178473344, 20230610081524, 20230610081924
01, 74442607648, 20230107033935, 20230107034006
02, 70848076746, 20230128212814, 20230128213639
01, 70238800474, 20230127031714, 20230127032115
02, 72520068330, 20230109031321, 20230109032430
01, 70848076746, 20230118061244, 20230118061624
01, 78881281034, 20230515003719, 20230515004613
01, 70577283018, 20230503060100, 20230503061059
01, 76242547242, 20230624173826, 20230624173909
01, 73784041253, 20230126114658, 20230126115246
01, 77052554284, 20230316110321, 20230316111429
01, 71218004482, 20230612123351, 20230612123703
02, 76382717112, 20230505020349, 20230505021515
02, 76156457082, 20230520210019, 20230520210709
02, 77528527308, 20230202115354, 20230202115730
01, 71858866203, 20230418155659, 20230418160229
01, 70848076746, 20230609113835, 20230609114452
01, 77802318645, 20230219055555, 20230219060627
01, 70238800474, 20230723092816, 20230723094100
02, 77588772704, 20230126004633, 20230126005223
01, 70577283018, 20230418071935, 20230418073105
02, 75563428838, 20230221114542, 20230221120039
02, 73420731761, 20230214154203, 20230214155106
02, 70220548724, 20230318090503, 20230318091431
02, 77668712426, 20230415135837, 20230415140528
01, 72235417888, 20230501044916, 20230501045559
01, 77802318645, 20230604223509, 20230604224313
02, 70335707348, 20230602012807, 20230602013202
01, 76833766868, 20230610110742, 20230610111325
01, 73571687053, 20230202122956, 20230202124436
02, 72102744026, 20230105183044, 20230105184024
01, 74811080402, 20230419180211, 20230419180435
01, 76342060083, 20230613102741, 20230613102947
02, 74811080402, 20230608073949, 20230608075111
02, 70704101646, 20230113191203, 20230113192530
01, 75061833246, 20230302045941, 20230302050222
01, 72425888764, 20230508100022, 20230508100153
02, 71413755134, 20230525095659, 20230525100158
01, 76418510486, 20230302030208, 20230302031031
02, 70335707348, 20230615232600, 20230615232718
01, 73420731761, 20230401025502, 20230401025950
01, 71780775137, 20230709231521, 20230709232433
02, 75780142223, 20230113153145, 20230113153541
01, 70577283018, 20230513095526, 20230513101014
02, 75563428838, 20230610022004, 20230610023348
02, 70335707348, 20230109011923, 20230109012102
02, 74272808181, 20230518011819, 20230518012736
01, 75801482047, 20230601045924, 20230601050404
02, 76468571667, 20230503225607, 20230503230848
01, 73528126364, 20230209185908, 20230209191023
02, 70753002464, 20230413101252, 20230413102038
01, 77528527308, 20230518172255, 20230518172734
01, 74121124248, 20230310165825, 20230310170933
01, 74332781056, 20230125020710, 20230125022100
01, 78616003685, 20230304203806, 20230304205004
01, 76683281360, 20230131085216, 20230131085552
02, 76156457082, 20230720100602, 20230720101400
01, 77157323570, 20230131173143, 20230131174422
02, 76342060083, 20230201080119, 20230201081034
02, 77078004317, 20230515211723, 20230515212648
02, 70848076746, 20230405013406, 20230405014014
01, 74458264013, 20230108034148, 20230108034853
02, 77343672150, 20230317180943, 20230317181915
01, 76501622388, 20230117084411, 20230117084912
02, 77588772704, 20230410195457, 20230410200358
01, 70753002464, 20230611193142, 20230611194449
02, 70055473811, 20230307044901, 20230307045455
02, 77528527308, 20230514183258, 20230514184438
01, 74228150361, 20230306105807, 20230306105846
02, 75063642644, 20230516000020, 20230516000451
01, 77052554284, 20230307233735, 20230307234557
01, 74228150361, 20230226074253, 20230226074620
02, 76468571667, 20230325142157, 20230325142923
01, 70577283018, 20230528230924, 20230528231609
02, 76156457082, 20230306040838, 20230306042018
01, 76566040868, 20230407094415, 20230407095132
02, 74272808181, 20230205000313, 20230205001406
02, 70753002464, 20230512200618, 20230512201114
02, 74114866216, 20230413175558, 20230413180012
01, 73528126364, 20230720002142, 20230720003117
01, 73420731761, 20230706183850, 20230706185102
01, 70055473811, 20230124194005, 20230124194355
01, 78184768034, 20230212021959, 20230212023252
01, 77882136073, 20230327201920, 20230327203005
02, 77668712426, 20230430125346, 20230430130658
02, 72775730131, 20230519162325, 20230519162419
02, 77054771658, 20230410053119, 20230410054158
01, 71822538478, 20230315123155, 20230315124131
01, 76418510486, 20230202175416, 20230202175554
02, 78243647753, 20230612154050, 20230612154602
01, 73141885555, 20230619191106, 20230619191445
01, 78616003685, 20230618210227, 20230618210320
02, 76482366358, 20230330221513, 20230330221746
02, 77668712426, 20230612221451, 20230612222410
01, 75770532120, 20230701054114, 20230701054949
02, 78881281034, 20230511142303, 20230511142513
02, 74121124248, 20230612013654, 20230612014922
02, 70055473811, 20230502103717, 20230502104732
02, 77528527308, 20230422191441, 20230422191747
02, 75801482047, 20230104035107, 20230104040038
01, 74228150361, 20230214061455, 20230214062358
01, 76816843647, 20230110215227, 20230110220300
01, 77157323570, 20230519021218, 20230519021916
02, 72775730131, 20230204073518, 20230204073721
01, 72868156865, 20230521221509, 20230521222211
01, 75770532120, 20230516043658, 20230516044333
02, 76482366358, 20230614144101, 20230614145433
01, 76501622388, 20230223231015, 20230223231922
01, 74272808181, 20230530004542, 20230530004855
02, 70753002464, 20230122081354, 20230122082308
02, 77343672150, 20230221220929, 20230221222336
01, 74166107712, 20230503125407, 20230503130541
01, 72216372011, 20230301145027, 20230301150231
02, 73420731761, 20230816170738, 20230816170959
02, 76683281360, 20230628043404, 20230628043507
02, 75061833246, 20230512093007, 20230512093040
01, 78243647753, 20230302051554, 20230302052858
02, 73420731761, 20230510110808, 20230510112256
01, 74442607648, 20230314131011, 20230314131506
02, 70666445160, 20230507112633, 20230507114003
02, 78616003685, 20230416022643, 20230416023316
02, 76714371187, 20230423004637, 20230423004852
02, 72868156865, 20230216150820, 20230216151224
01, 74272808181, 20230327231151, 20230327231619
02, 73486524284, 20230209231006, 20230209232007
01, 71780775137, 20230414075517, 20230414080634
02, 70220548724, 20230307203931, 20230307204639
01, 74811080402, 20230405150151, 20230405150424
01, 70848076746, 20230507184209, 20230507185506
01, 73416453083, 20230509002305, 20230509002820
02, 77668712426, 20230530133026, 20230530134457
02, 72047010464, 20230103151453, 20230103152603
01, 78328112676, 20230126193815, 20230126194220
01, 78384741203, 20230220192115, 20230220192117
02, 76342060083, 20230526114151, 20230526115309
02, 75700021820, 20230403142515, 20230403142631
01, 76156457082, 20230328205758, 20230328210015
02, 76566040868, 20230130230620, 20230130231444
01, 72868156865, 20230125201028, 20230125202007
02, 70850717715, 20230619055637, 20230619055848
02, 78378577311, 20230503122957, 20230503124357
01, 73528126364, 20230510194621, 20230510200119
01, 71413755134, 20230224131213, 20230224132701
02, 71218004482, 20230123044437, 20230123045029
01, 78881281034, 20230607174336, 20230607175827
01, 72235417888, 20230206202522, 20230206202738
01, 78384741203, 20230521150839, 20230521152004
02, 74272808181, 20230630135634, 20230630140259
01, 74658605174, 20230214174707, 20230214175628
01, 77222550453, 20230706140143, 20230706141203
01, 78178473344, 20230216090116, 20230216091559
02, 76156457082, 20230408041935, 20230408042829
02, 70345807306, 20230306135932, 20230306140057
01, 77588772704, 20230123152401, 20230123152548
02, 73508334364, 20230127081909, 20230127082029
01, 73508334364, 20230215170423, 20230215170636
01, 73508334364, 20230327234450, 20230327235301
01, 70287112718, 20230601112054, 20230601112333
01, 77054771658, 20230514023117, 20230514023701
01, 70345807306, 20230525073909, 20230525075259
02, 70016300112, 20230620225144, 20230620230245
02, 77222550453, 20230606224136, 20230606225346
01, 76202210424, 20230319185019, 20230319185308
01, 70055473811, 20230215054318, 20230215055145
02, 77882136073, 20230102234217, 20230102235646
02, 73784041253, 20230325203357, 20230325204239
02, 72235417888, 20230518072918, 20230518074044
01, 76242547242, 20230309104313, 20230309105220
02, 74166107712, 20230309072239, 20230309072328
01, 70848076746, 20230720160803, 20230720161259
01, 76382717112, 20230102022725, 20230102022957
02, 74121124248, 20230529233320, 20230529233334
01, 70335707348, 20230219011044, 20230219011531
02, 76156457082, 20230526190127, 20230526190605
02, 70220548724, 20230512073344, 20230512074338
02, 74272808181, 20230614233949, 20230614235334
02, 73385232301, 20230528074558, 20230528075511
02, 77157323570, 20230108143255, 20230108144347
02, 78378577311, 20230622005326, 20230622010527
02, 75063642644, 20230126131134, 20230126131722
02, 74121124248, 20230407171743, 20230407171936
01, 74114866216, 20230510015939, 20230510020255
02, 72102744026, 20230410200655, 20230410201006
01, 73528126364, 20230403150000, 20230403150921
01, 70666445160, 20230526000327, 20230526000426
02, 70055473811, 20230405020038, 20230405020351
02, 76156457082, 20230204095546, 20230204095906
01, 72706024647, 20230328163930, 20230328164619
02, 77882136073, 20230423131029, 20230423132444
02, 78178473344, 20230409072005, 20230409072149
02, 71673782082, 20230508092509, 20230508092717
01, 74272808181, 20230428002250, 20230428003500
02, 71413755134, 20230420012223, 20230420012825
01, 77343672150, 20230418064825, 20230418064845
01, 73784041253, 20230412132425, 20230412133600
02, 73416453083, 20230108232457, 20230108233215
02, 77078004317, 20230112000532, 20230112001437
01, 75114063216, 20230302145019, 20230302145124
02, 75061833246, 20230614122649, 20230614123158
02, 76342060083, 20230123182736, 20230123183524
01, 70850717715, 20230125112715, 20230125113213
01, 75563428838, 20230514124140, 20230514124456
02, 74671164335, 20230427201710, 20230427202520
01, 74332781056, 20230326121604, 20230326121858
02, 77036534123, 20230405065749, 20230405071101
01, 78881281034, 20230102141437, 20230102142359
01, 70850717715, 20230116024340, 20230116024905
02, 72425888764, 20230628025839, 20230628030146
02, 76342060083, 20230528140038, 20230528141428
02, 75063642644, 20230107001702, 20230107002728
01, 73420731761, 20230512065410, 20230512065532
02, 74166107712, 20230601001940, 20230601002048
02, 71218004482, 20230501202140, 20230501202658
01, 71673782082, 20230706061941, 20230706062237
02, 73226001430, 20230314195317, 20230314195624
01, 70753002464, 20230618014213, 20230618014435
01, 74811080402, 20230624140851, 20230624141240
01, 73420731761, 20230118003058, 20230118003921
02, 76468571667, 20230218140924, 20230218141231
02, 77052554284, 20230323104024, 20230323104712
02, 71218004482, 20230218184122, 20230218184517
01, 75700021820, 20230204165243, 20230204165718
02, 77157323570, 20230131000042, 20230131001420
01, 77802318645, 20230709145314, 20230709150641
02, 71822538478, 20230524220838, 20230524221059
01, 74166107712, 20230116194249, 20230116194336
01, 77052554284, 20230402152703, 20230402154008
02, 77157323570, 20230316153021, 20230316153851
01, 76482366358, 20230206005012, 20230206005152
01, 73416453083, 20230528053341, 20230528054712
02, 77668712426, 20230203102919, 20230203103026
01, 75811301604, 20230307150815, 20230307151712
02, 70287112718, 20230611022324, 20230611022953
01, 74658605174, 20230210235447, 20230210235751
02, 70633604204, 20230223120056, 20230223120827
01, 77802318645, 20230303153832, 20230303154603
02, 78378577311, 20230223103453, 20230223104005
01, 76482366358, 20230615030201, 20230615031557
01, 74332781056, 20230412171812, 20230412172016
01, 72047010464, 20230302190027, 20230302190847
02, 76382717112, 20230707200816, 20230707201508
02, 74671164335, 20230224064907, 20230224065505
02, 76851111173, 20230110213154, 20230110213348
02, 78384741203, 20230209090704, 20230209091336
02, 72235417888, 20230718080506, 20230718081338
01, 74121124248, 20230701050503, 20230701051619
01, 75780142223, 20230411030159, 20230411030750
02, 73226001430, 20230208185552, 20230208190724
02, 75770532120, 20230224121611, 20230224122241
02, 70055473811, 20230129154356, 20230129155304
02, 74458264013, 20230126150752, 20230126151717
01, 71413755134, 20230531202320, 20230531203518
01, 76833766868, 20230118054020, 20230118054840
02, 73571687053, 20230521080611, 20230521081526
01, 74811080402, 20230110050508, 20230110050634
01, 76041140513, 20230210130324, 20230210130533
01, 72102744026, 20230114001005, 20230114002411
01, 77528527308, 20230530112614, 20230530112908
01, 77802318645, 20230325153335, 20230325154429
02, 70335707348, 20230524061425, 20230524061501
01, 78378577311, 20230313072409, 20230313072456
02, 73508334364, 20230414235637, 20230415000443
01, 77588772704, 20230115044337, 20230115044639
01, 74658605174, 20230401020945, 20230401021105
02, 74068186835, 20230406221918, 20230406222110
01, 78616003685, 20230316143522, 20230316144759
01, 71858866203, 20230620145427, 20230620150233
01, 73571687053, 20230407013551, 20230407015035
01, 70335707348, 20230404144404, 20230404144920
02, 76566040868, 20230711222726, 20230711223825
02, 77222550453, 20230121190631, 20230121191807
01, 74458264013, 20230320123925, 20230320124613
02, 77588772704, 20230428184210, 20230428184613
02, 77036534123, 20230412211807, 20230412212400
02, 77036534123, 20230109090238, 20230109091545
02, 75803753411, 20230611205945, 20230611211030
02, 73486524284, 20230515223649, 20230515224536
01, 73226001430, 20230413074256, 20230413075403
01, 70335707348, 20230318083728, 20230318084238
02, 70238800474, 20230213181329, 20230213182532
02, 76851111173, 20230714145404, 20230714150025
01, 71822538478, 20230428222725, 20230428223619
01, 70220548724, 20230219192846, 20230219193820
02, 78184768034, 20230301194607, 20230301195737
01, 78328112676, 20230418190838, 20230418191928
01, 78184768034, 20230117123703, 20230117124846
01, 76342060083, 20230209093012, 20230209093322
02, 77222550453, 20230620192903, 20230620193724
02, 73141885555, 20230212192211, 20230212192507
01, 73141885555, 20230511152656, 20230511153343
02, 71218004482, 20230507081142, 20230507082535
01, 70577283018, 20230709223059, 20230709224044
01, 76566040868, 20230110062236, 20230110062325
01, 76833766868, 20230119071307, 20230119071415
01, 70577283018, 20230714090614, 20230714091019
02, 74068186835, 20230530093421, 20230530093610
02, 72235417888, 20230126191520, 20230126191633
02, 70666445160, 20230705152720, 20230705153444
01, 77882136073, 20230205231012, 20230205232023
02, 73226001430, 20230627090724, 20230627092030
02, 72047010464, 20230605110256, 20230605110734
01, 77054771658, 20230412182809, 20230412184134
02, 77802318645, 20230105194702, 20230105195046
01, 72425888764, 20230213121429, 20230213121628
01, 76156457082, 20230709203318, 20230709204726
01, 75061833246, 20230217161148, 20230217162108
02, 76156457082, 20230630135609, 20230630141051
01, 76714371187, 20230215211635, 20230215212723
02, 78881281034, 20230226225219, 20230226225327
01, 77565038525, 20230506204410, 20230506204855
02, 77565038525, 20230421093841, 20230421095124
01, 70345807306, 20230610211115, 20230610211925
01, 71780775137, 20230429045655, 20230429050710
01, 73508334364, 20230225150328, 20230225151454
02, 72868156865, 20230507030200, 20230507031620
01, 77054771658, 20230525145716, 20230525150334
02, 75563428838, 20230416193500, 20230416193527
01, 74332781056, 20230305022723, 20230305024013
01, 78243647753, 20230522083755, 20230522084528
01, 71858866203, 20230325061732, 20230325062145
01, 78184768034, 20230509182442, 20230509183342
02, 75063642644, 20230111195347, 20230111195845
02, 72216372011, 20230322225219, 20230322230608
01, 74068186835, 20230610112925, 20230610112937
02, 73141885555, 20230519235113, 20230519235744
01, 76418510486, 20230508081435, 20230508082557
02, 70055473811, 20230228002352, 20230228003528
02, 78328112676, 20230504093316, 20230504094207
01, 76851111173, 20230326164106, 20230326165414
02, 77882136073, 20230220163510, 20230220164812
01, 75063642644, 20230513000248, 20230513000350
02, 77565038525, 20230612164456, 20230612164658
01, 70704101646, 20230302130809, 20230302130958
01, 76418510486, 20230407161934, 20230407163043
01, 78178473344, 20230628050410, 20230628051752
01, 74272808181, 20230221183644, 20230221185045
02, 72868156865, 20230610044118, 20230610045020
02, 70770068216, 20230629190724, 20230629191731
02, 72102744026, 20230222223811, 20230222224850
02, 74228150361, 20230324020324, 20230324021436
01, 78178473344, 20230707163624, 20230707164908
01, 73141885555, 20230401160041, 20230401160705
01, 75811301604, 20230505101146, 20230505102152
02, 73784041253, 20230220195010, 20230220195251
02, 75801482047, 20230208051702, 20230208052722
02, 70666445160, 20230523082414, 20230523083319
01, 72868156865, 20230307154247, 20230307154410
01, 70633604204, 20230623071357, 20230623071929
01, 74228150361, 20230118233338, 20230118233342
02, 74671164335, 20230111164552, 20230111165518
01, 77668712426, 20230521221316, 20230521221730
01, 70055473811, 20230228073734, 20230228074247
01, 76501622388, 20230309102109, 20230309102353
02, 77157323570, 20230311223348, 20230311223543
01, 71673782082, 20230202080807, 20230202081022
01, 70633604204, 20230527001016, 20230527002304
02, 72425888764, 20230619043552, 20230619044322
02, 76501622388, 20230210204609, 20230210205705
02, 76242547242, 20230112194756, 20230112200205
01, 70848076746, 20230302140531, 20230302141835
01, 75061833246, 20230331125604, 20230331130157
01, 74811080402, 20230811101538, 20230811102857
02, 72235417888, 20230605120224, 20230605121501
02, 74121124248, 20230202132722, 20230202133026
01, 72102744026, 20230131022633, 20230131023608
01, 76342060083, 20230310223455, 20230310224626
01, 78184768034, 20230220024043, 20230220024335
02, 71858866203, 20230223182515, 20230223183613
02, 76833766868, 20230226131635, 20230226132257
02, 76566040868, 20230623181141, 20230623181809
01, 72425888764, 20230112112842, 20230112113711
01, 73141885555, 20230604034019, 20230604034624
02, 75811301604, 20230330233008, 20230330233648
02, 72775730131, 20230701022014, 20230701022739
02, 76683281360, 20230323134222, 20230323135212
02, 72425888764, 20230406044821, 20230406050231
02, 76482366358, 20230501190116, 20230501191514
02, 70220548724, 20230405104147, 20230405104313
02, 75811301604, 20230316182918, 20230316183845
01, 70633604204, 20230110215641, 20230110221004
02, 70848076746, 20230403031327, 20230403032148
02, 76833766868, 20230204012427, 20230204013451
01, 76816843647, 20230419095755, 20230419095945
01, 76482366358, 20230603071527, 20230603072117
01, 71780775137, 20230207132812, 20230207132906
02, 78616003685, 20230315204916, 20230315205912
01, 76816843647, 20230119201956, 20230119203419
01, 76816843647, 20230406103428, 20230406104636
02, 74658605174, 20230701165921, 20230701171134
02, 76202210424, 20230109153246, 20230109153927
02, 71858866203, 20230128172303, 20230128173633
01, 70850717715, 20230211033534, 20230211034733
01, 72706024647, 20230514063727, 20230514064648
01, 71822538478, 20230601193854, 20230601194339
02, 78328112676, 20230228213030, 20230228213920
02, 73528126364, 20230502011548, 20230502011732
01, 76468571667, 20230107000153, 20230107000639
01, 76833766868, 20230618131139, 20230618131436
02, 76202210424, 20230328180856, 20230328181848
01, 72706024647, 20230311232109, 20230311233455
01, 73226001430, 20230419202002, 20230419203037
01, 70238800474, 20230709220351, 20230709221230
01, 76566040868, 20230614192756, 20230614193707
01, 77078004317, 20230323182114, 20230323182123
01, 75563428838, 20230601225740, 20230601225824
01, 76816843647, 20230629064826, 20230629065817
01, 74272808181, 20230304084919, 20230304085706
02, 78384741203, 20230404210532, 20230404211721
01, 76156457082, 20230219150701, 20230219152148
02, 75801482047, 20230129084856, 20230129084903
02, 72235417888, 20230213072629, 20230213073851
01, 76714371187, 20230302125145, 20230302125300
01, 74166107712, 20230306051159, 20230306051417
01, 77222550453, 20230105154537, 20230105155614
01, 70016300112, 20230127061028, 20230127061248
01, 77565038525, 20230507133133, 20230507133846
02, 73528126364, 20230509001529, 20230509002451
02, 71858866203, 20230506235035, 20230507000132
02, 77565038525, 20230415134719, 20230415140110
01, 72520068330, 20230329035728, 20230329041116
02, 76566040868, 20230501185814, 20230501191044
01, 73508334364, 20230207193930, 20230207194726
01, 72775730131, 20230502230451, 20230502231438
01, 78243647753, 20230620144303, 20230620145013
01, 70016300112, 20230227123512, 20230227124453
01, 77343672150, 20230408185903, 20230408185946
01, 71240381178, 20230513063234, 20230513064011
01, 75061833246, 20230321030737, 20230321031444
01, 70770068216, 20230218145439, 20230218145817
01, 70704101646, 20230419045613, 20230419051032
01, 78178473344, 20230123214251, 20230123215552
02, 74458264013, 20230129134631, 20230129135444
02, 75780142223, 20230308132818, 20230308134031
02, 74442607648, 20230629064540, 20230629065104
01, 70848076746, 20230524001754, 20230524002939
02, 74442607648, 20230424030927, 20230424031610
02, 74458264013, 20230513073759, 20230513075202
02, 72520068330, 20230318101655, 20230318102914
01, 74166107712, 20230311211937, 20230311213148
02, 74166107712, 20230527232812, 20230527233547
01, 76683281360, 20230118003134, 20230118004101
02, 74272808181, 20230116214342, 20230116214643
01, 73141885555, 20230226135303, 20230226140320
02, 77052554284, 20230202061948, 20230202062016
02, 73508334364, 20230322143230, 20230322143735
01, 77052554284, 20230116171038, 20230116172130
02, 76342060083, 20230115053906, 20230115054356
02, 77157323570, 20230417103115, 20230417103138
02, 72868156865, 20230303072026, 20230303072657
01, 72216372011, 20230414142053, 20230414143206
01, 75801482047, 20230430162138, 20230430163353
01, 76851111173, 20230503203048, 20230503204020
01, 77802318645, 20230408111027, 20230408111253
01, 76851111173, 20230206041621, 20230206043022
02, 77588772704, 20230311162902, 20230311163419
01, 75563428838, 20230129061426, 20230129062235
02, 75563428838, 20230113163447, 20230113164000
01, 73528126364, 20230426101320, 20230426101850
02, 77054771658, 20230119020653, 20230119020949
02, 76468571667, 20230421014452, 20230421015734
01, 76714371187, 20230322225739, 20230322230400
01, 73416453083, 20230115035601, 20230115040841
02, 72425888764, 20230603143621, 20230603143950
02, 76566040868, 20230219141945, 20230219142229
02, 72216372011, 20230404235011, 20230404235230
02, 75780142223, 20230329011615, 20230329012348
01, 74658605174, 20230304233330, 20230304234507
01, 77882136073, 20230701053724, 20230701054745
01, 77052554284, 20230219090158, 20230219091531
02, 70753002464, 20230311072044, 20230311072846
01, 70704101646, 20230522065622, 20230522070550
01, 77036534123, 20230426112141, 20230426112245
01, 77078004317, 20230501234144, 20230501234657
02, 70704101646, 20230618160253, 20230618161521
02, 78384741203, 20230318223917, 20230318224600
01, 70345807306, 20230123062813, 20230123063044
02, 73420731761, 20230302235021, 20230303000342
01, 74332781056, 20230129191001, 20230129191927
02, 73571687053, 20230509052134, 20230509053009
01, 74121124248, 20230720230907, 20230720232045
02, 76714371187, 20230310083103, 20230310083541
02, 78384741203, 20230306125719, 20230306131149
02, 75114063216, 20230220181107, 20230220181659
01, 71413755134, 20230528124902, 20230528124915
02, 74658605174, 20230303084735, 20230303085738
02, 75063642644, 20230207085145, 20230207085733
02, 73416453083, 20230220204807, 20230220205219
01, 74068186835, 20230419022116, 20230419022427
01, 74458264013, 20230223105738, 20230223110712
02, 73420731761, 20230727174329, 20230727175259
01, 75811301604, 20230520152233, 20230520153730
01, 74228150361, 20230626153229, 20230626153905
02, 74658605174, 20230508201847, 20230508201924
01, 71822538478, 20230114022446, 20230114023452
01, 73385232301, 20230305115547, 20230305120716
01, 76833766868, 20230308123900, 20230308124129
02, 78881281034, 20230624232512, 20230624232520
02, 72216372011, 20230318123318, 20230318124552
02, 72425888764, 20230524120729, 20230524122218
01, 77052554284, 20230323221806, 20230323222612
02, 71822538478, 20230606043818, 20230606045209
02, 76683281360, 20230404200932, 20230404202359
01, 76382717112, 20230707153903, 20230707154638
02, 76156457082, 20230318185515, 20230318190117
02, 75811301604, 20230131111437, 20230131112449
01, 70287112718, 20230501221940, 20230501222823
01, 76482366358, 20230422044548, 20230422050004
02, 75700021820, 20230501022617, 20230501023729
02, 70220548724, 20230523202956, 20230523204354
02, 70753002464, 20230406163742, 20230406164609
01, 78384741203, 20230509103344, 20230509104135
02, 77668712426, 20230119143158, 20230119144431
01, 74811080402, 20230209164852, 20230209165309
02, 73508334364, 20230527171758, 20230527171846
01, 72102744026, 20230302170450, 20230302170859
01, 75063642644, 20230520223256, 20230520223802
02, 75114063216, 20230401214030, 20230401215015
01, 70238800474, 20230613014817, 20230613014948
01, 71413755134, 20230116192545, 20230116192553
02, 76714371187, 20230117081710, 20230117082016
02, 76851111173, 20230416174239, 20230416174709
01, 76342060083, 20230427070357, 20230427070538
01, 70016300112, 20230530103438, 20230530103635
01, 76714371187, 20230411201554, 20230411202351
02, 75770532120, 20230106084534, 20230106085521
01, 76342060083, 20230406214517, 20230406215202
01, 77588772704, 20230227022511, 20230227023421
02, 76202210424, 20230301180300, 20230301181416
01, 71218004482, 20230414053806, 20230414055027
02, 77222550453, 20230220082736, 20230220083534
01, 78378577311, 20230214084526, 20230214084747
01, 78616003685, 20230715203812, 20230715204438
01, 70633604204, 20230326172624, 20230326173014
01, 76418510486, 20230614094145, 20230614094854
02, 77036534123, 20230305050843, 20230305052106
02, 70287112718, 20230309035127, 20230309035401
01, 70666445160, 20230612084053, 20230612084610
01, 70770068216, 20230727074157, 20230727075350
01, 76468571667, 20230520121745, 20230520122431
02, 74811080402, 20230728123229, 20230728124539
02, 75803753411, 20230408173149, 20230408173452
02, 72775730131, 20230205095839, 20230205100549
01, 71218004482, 20230401032337, 20230401032734
02, 75114063216, 20230510210657, 20230510210725
02, 74658605174, 20230421152119, 20230421153044
01, 74332781056, 20230326140445, 20230326141924
02, 72520068330, 20230512114133, 20230512115040
02, 77802318645, 20230429100317, 20230429101734
02, 74228150361, 20230414191826, 20230414192521
01, 75061833246, 20230202204001, 20230202205402
01, 76342060083, 20230109044945, 20230109050411
02, 77157323570, 20230506093707, 20230506094447
02, 74121124248, 20230117131023, 20230117131123
01, 70055473811, 20230511060225, 20230511060226
02, 74811080402, 20230115160216, 20230115161711
02, 74671164335, 20230702145939, 20230702151110
01, 75801482047, 20230622104637, 20230622105602
02, 70753002464, 20230529222445, 20230529222737
01, 77343672150, 20230119132914, 20230119133914
02, 75114063216, 20230415064653, 20230415065852
01, 74114866216, 20230430121854, 20230430122836
02, 77588772704, 20230313175253, 20230313175708
02, 72775730131, 20230531164254, 20230531164502
01, 73420731761, 20230414221427, 20230414222042
02, 76418510486, 20230417054409, 20230417054626
01, 70335707348, 20230810234535, 20230810235434
02, 73141885555, 20230616200442, 20230616200635
02, 70577283018, 20230322052004, 20230322053244
02, 70220548724, 20230110014508, 20230110015745
01, 74332781056, 20230430004226, 20230430005343
02, 72235417888, 20230405075314, 20230405075637
02, 76566040868, 20230114140357, 20230114140409
02, 73508334364, 20230708140508, 20230708141512
02, 72425888764, 20230512223459, 20230512223507
01, 70055473811, 20230408193504, 20230408193711
02, 74272808181, 20230109012646, 20230109013701
02, 73571687053, 20230517041849, 20230517042634
02, 76202210424, 20230517135043, 20230517135143
01, 76156457082, 20230621225821, 20230621230255
02, 72775730131, 20230106085013, 20230106085645
01, 72047010464, 20230121045451, 20230121050249
01, 75811301604, 20230530114138, 20230530114901
01, 70770068216, 20230410112533, 20230410113309
01, 70335707348, 20230509142811, 20230509142951
02, 70287112718, 20230111194104, 20230111194751
02, 74228150361, 20230521045314, 20230521050336
01, 73528126364, 20230703045746, 20230703050049
02, 76418510486, 20230425213029, 20230425214313
02, 74121124248, 20230616095723, 20230616100629
01, 76683281360, 20230724111259, 20230724112508
01, 73420731761, 20230522184956, 20230522185834
02, 75114063216, 20230120032815, 20230120033836
01, 74458264013, 20230315051318, 20230315051927
01, 74121124248, 20230514100547, 20230514102031
02, 77565038525, 20230527045431, 20230527050902
01, 77565038525, 20230318103110, 20230318103756
02, 76833766868, 20230423203736, 20230423204905
01, 73571687053, 20230408022738, 20230408023807
01, 78178473344, 20230313011307, 20230313011559
02, 78243647753, 20230308065120, 20230308070557
02, 74114866216, 20230329151804, 20230329152203
02, 77565038525, 20230228144544, 20230228145312
02, 75780142223, 20230429213231, 20230429214147
01, 73226001430, 20230105210628, 20230105211936
02, 76342060083, 20230417025021, 20230417025444
01, 78378577311, 20230429020754, 20230429021848
01, 72520068330, 20230226112815, 20230226113429
01, 72520068330, 20230303014219, 20230303014947
02, 72047010464, 20230118191343, 20230118192051
01, 78243647753, 20230419011016, 20230419011907
02, 78881281034, 20230530193805, 20230530194058
02, 70704101646, 20230213034315, 20230213035414
02, 73385232301, 20230519005106, 20230519005309
02, 75811301604, 20230116005145, 20230116005850
02, 72047010464, 20230314052341, 20230314053452
01, 70704101646, 20230507230844, 20230507231102
02, 76156457082, 20230612052522, 20230612052923
02, 78616003685, 20230224235656, 20230225000029
02, 78328112676, 20230406160445, 20230406160511
02, 70345807306, 20230623121924, 20230623123329
02, 76816843647, 20230307024900, 20230307025636
01, 77565038525, 20230119042038, 20230119043446
01, 73416453083, 20230117234920, 20230118000320
02, 75801482047, 20230519085238, 20230519085745
02, 75803753411, 20230506210939, 20230506211815
01, 72235417888, 20230421050357, 20230421050945
01, 74228150361, 20230614185826, 20230614190116
01, 75061833246, 20230416125506, 20230416130920
01, 75780142223, 20230109123111, 20230109124140
02, 76468571667, 20230305133856, 20230305135003
01, 74114866216, 20230208030112, 20230208031328
02, 75563428838, 20230625185519, 20230625190615
01, 73528126364, 20230618021452, 20230618022312
02, 75803753411, 20230211054400, 20230211055857
02, 77588772704, 20230612175108, 20230612180254
01, 76851111173, 20230302232023, 20230302232143
02, 70753002464, 20230707002552, 20230707003637
01, 72102744026, 20230427212829, 20230427213829
02, 70345807306, 20230504024119, 20230504024657
01, 78184768034, 20230404203830, 20230404204200
02, 70238800474, 20230506190040, 20230506190301
01, 76851111173, 20230514174650, 20230514180142
01, 70055473811, 20230112041738, 20230112042404
02, 78881281034, 20230403135849, 20230403141305
01, 78184768034, 20230307040011, 20230307040344
02, 76816843647, 20230429092440, 20230429092909
01, 74671164335, 20230328053545, 20230328054428
01, 76683281360, 20230513013932, 20230513014526
02, 71240381178, 20230403220053, 20230403220755
02, 74442607648, 20230331081203, 20230331082644
02, 77668712426, 20230625200421, 20230625201200
01, 76851111173, 20230614231131, 20230614232113
02, 71858866203, 20230225222101, 20230225223257
02, 75780142223, 20230206030748, 20230206031604
01, 71413755134, 20230425124707, 20230425125521
01, 72520068330, 20230208181903, 20230208183310
01, 76041140513, 20230424120437, 20230424121608
01, 76501622388, 20230209015023, 20230209020429
01, 72868156865, 20230302215229, 20230302215551
01, 73226001430, 20230525085318, 20230525085802
01, 76683281360, 20230615233314, 20230615233649
02, 72868156865, 20230210153239, 20230210154627
01, 77222550453, 20230316000252, 20230316001537
02, 76482366358, 20230325233756, 20230325233859
02, 72706024647, 20230207215742, 20230207220341
01, 76418510486, 20230220082106, 20230220082254
02, 73226001430, 20230117225130, 20230117225958
02, 74658605174, 20230614130425, 20230614131658
01, 78378577311, 20230616185625, 20230616190610
01, 72706024647, 20230210215945, 20230210220510
01, 78384741203, 20230605110909, 20230605111854
02, 78328112676, 20230719235636, 20230720000736
02, 76468571667, 20230212174358, 20230212174605
01, 77052554284, 20230122195521, 20230122200839
02, 76851111173, 20230109000956, 20230109002030
02, 78328112676, 20230703220150, 20230703221046
02, 70577283018, 20230630152055, 20230630152838
02, 78243647753, 20230506190451, 20230506191333
02, 70753002464, 20230418071150, 20230418072257
02, 70238800474, 20230624003153, 20230624003841
01, 77668712426, 20230213032758, 20230213034001
02, 75061833246, 20230702151324, 20230702151459
01, 77343672150, 20230127131845, 20230127132853
01, 76041140513, 20230517162515, 20230517162956
01, 75061833246, 20230718010203, 20230718010644
01, 76382717112, 20230313071121, 20230313072527
02, 75114063216, 20230603235746, 20230604001054
01, 74332781056, 20230508024336, 20230508025759
01, 74658605174, 20230723220924, 20230723221932
01, 77802318645, 20230203054622, 20230203060003
01, 73385232301, 20230214192319, 20230214193417
02, 70704101646, 20230201182514, 20230201183130
02, 74121124248, 20230413070659, 20230413071219
02, 70770068216, 20230301070915, 20230301071409
02, 73385232301, 20230112080846, 20230112082200
02, 76342060083, 20230221222711, 20230221222854
02, 78616003685, 20230429131212, 20230429131554
01, 75114063216, 20230427214032, 20230427214523
01, 78184768034, 20230510122600, 20230510123203
02, 76468571667, 20230406010203, 20230406010253
02, 77036534123, 20230313013321, 20230313013430
02, 76816843647, 20230328211127, 20230328212051
01, 78243647753, 20230502195808, 20230502201029
01, 77222550453, 20230201041454, 20230201042001
01, 78881281034, 20230430123003, 20230430123119
01, 76816843647, 20230222115144, 20230222115206
01, 73416453083, 20230611232746, 20230611233508
01, 77054771658, 20230117124631, 20230117124833
02, 73226001430, 20230306174439, 20230306175744
01, 74671164335, 20230417213620, 20230417214229
01, 75114063216, 20230404031644, 20230404032659
01, 74658605174, 20230507005942, 20230507010132
02, 78378577311, 20230127170046, 20230127170933
02, 76816843647, 20230320134913, 20230320135221
01, 75563428838, 20230728101939, 20230728102238
01, 70666445160, 20230329150001, 20230329150741
02, 77036534123, 20230424000440, 20230424001224
02, 74671164335, 20230211141217, 20230211141414
02, 78881281034, 20230309051210, 20230309051349
01, 75770532120, 20230123114033, 20230123115120
01, 70577283018, 20230612195948, 20230612200153
01, 75061833246, 20230418125029, 20230418125050
01, 75114063216, 20230130001408, 20230130002026
02, 76833766868, 20230208095825, 20230208095930
01, 75063642644, 20230122192004, 20230122192157
02, 70704101646, 20230705111247, 20230705111925
01, 76242547242, 20230420160035, 20230420160203
02, 70633604204, 20230110053142, 20230110054341
02, 78178473344, 20230208114046, 20230208114221
01, 70633604204, 20230406115335, 20230406115539
01, 76041140513, 20230204105145, 20230204105659
02, 77054771658, 20230315134721, 20230315135924
02, 70770068216, 20230204234603, 20230204234839
01, 77054771658, 20230510160315, 20230510160318
01, 70753002464, 20230223093155, 20230223094350
01, 70848076746, 20230610123645, 20230610124703
01, 71413755134, 20230402124813, 20230402130053
02, 71240381178, 20230129053406, 20230129053934
02, 75063642644, 20230503052412, 20230503052645
01, 72047010464, 20230405132737, 20230405133605
01, 75770532120, 20230501062158, 20230501062801
01, 72520068330, 20230417184200, 20230417184755
02, 77882136073, 20230405163914, 20230405164053
02, 70287112718, 20230204170852, 20230204171229
01, 76242547242, 20230501115623, 20230501115845
02, 72706024647, 20230609181415, 20230609182500
02, 73420731761, 20230502062529, 20230502063315
01, 77222550453, 20230506041931, 20230506042213
02, 71780775137, 20230623034708, 20230623035729
02, 75063642644, 20230423114128, 20230423115145
02, 71240381178, 20230727220206, 20230727220747
01, 76382717112, 20230330032838, 20230330033547
02, 77157323570, 20230125011035, 20230125011240
01, 77222550453, 20230310091734, 20230310093059
01, 75770532120, 20230620025738, 20230620030957
01, 76816843647, 20230221063844, 20230221064349
01, 76242547242, 20230320172928, 20230320173611
02, 77565038525, 20230518163608, 20230518163728
01, 75780142223, 20230112134341, 20230112134734
01, 70850717715, 20230318172330, 20230318172926
01, 71413755134, 20230315152710, 20230315153948
01, 76041140513, 20230120143649, 20230120145115
01, 73385232301, 20230523102725, 20230523103148
02, 71673782082, 20230306211004, 20230306212501
02, 77054771658, 20230109020124, 20230109020733
01, 75803753411, 20230425164443, 20230425165338
01, 74332781056, 20230415013808, 20230415014326
02, 78384741203, 20230620204917, 20230620210018
02, 76683281360, 20230218174000, 20230218175133
02, 72216372011, 20230114052852, 20230114053439
01, 76501622388, 20230407165319, 20230407165451
01, 76501622388, 20230131162526, 20230131163113
02, 71218004482, 20230329000150, 20230329000928
02, 74658605174, 20230517190151, 20230517190227
01, 70666445160, 20230221161336, 20230221162114
02, 77054771658, 20230218202523, 20230218203949
02, 77588772704, 20230608010346, 20230608010842
02, 71822538478, 20230517073416, 20230517073635
02, 74228150361, 20230624121953, 20230624123044
02, 73416453083, 20230410224717, 20230410225808
02, 76468571667, 20230614094717, 20230614094828
01, 76242547242, 20230615142604, 20230615142745
01, 78384741203, 20230103162831, 20230103164214
02, 76242547242, 20230518050800, 20230518051109
01, 74114866216, 20230507060605, 20230507061600
02, 73416453083, 20230321043516, 20230321043609
01, 77565038525, 20230404002446, 20230404003913
02, 74166107712, 20230314135449, 20230314140012
01, 70335707348, 20230211230017, 20230211231433
02, 74114866216, 20230422032822, 20230422033403
02, 76816843647, 20230704095251, 20230704095309
02, 73385232301, 20230309060932, 20230309061018
02, 78178473344, 20230726235202, 20230726235632
01, 76202210424, 20230503065612, 20230503070252
01, 70770068216, 20230512174925, 20230512175521
01, 73528126364, 20230613145745, 20230613150806
01, 73416453083, 20230202170620, 20230202171752
02, 76468571667, 20230228145027, 20230228150334
01, 77528527308, 20230122070244, 20230122070439
02, 70666445160, 20230125210915, 20230125211024
01, 77802318645, 20230112083107, 20230112083941
02, 76418510486, 20230402184540, 20230402185251
01, 72520068330, 20230617203636, 20230617204053
01, 72425888764, 20230401170346, 20230401170826
01, 76041140513, 20230628153138, 20230628153236
01, 75114063216, 20230518204719, 20230518205240
01, 76833766868, 20230130024616, 20230130024805
02, 77343672150, 20230402003434, 20230402004458
01, 77078004317, 20230215103229, 20230215103903
01, 74332781056, 20230429222732, 20230429222739
02, 72775730131, 20230523100920, 20230523101832
02, 76468571667, 20230303083650, 20230303084733
01, 76242547242, 20230531213803, 20230531214148
02, 74442607648, 20230615201611, 20230615202204
01, 70850717715, 20230423075054, 20230423075812
01, 72868156865, 20230520101739, 20230520102923
02, 77078004317, 20230630020047, 20230630021516
01, 73784041253, 20230316191033, 20230316191559
01, 77052554284, 20230320174424, 20230320174918
02, 74458264013, 20230404122716, 20230404124053
02, 73416453083, 20230325154015, 20230325155439
01, 73784041253, 20230331144156, 20230331144559
01, 76468571667, 20230309235239, 20230309235914
02, 72520068330, 20230430223930, 20230430225421
01, 72868156865, 20230326061551, 20230326062106
02, 77222550453, 20230410185630, 20230410191040
02, 72425888764, 20230616185700, 20230616190145
01, 78616003685, 20230614051010, 20230614051011
01, 75061833246, 20230704215818, 20230704220915
02, 76566040868, 20230514045410, 20230514050203
02, 72425888764, 20230422122339, 20230422122427
02, 74272808181, 20230307134359, 20230307135745
02, 73385232301, 20230220082419, 20230220082912
01, 72102744026, 20230520030220, 20230520030642
01, 74228150361, 20230129135444, 20230129135837
01, 77052554284, 20230413045118, 20230413050134
02, 78881281034, 20230412202123, 20230412202406
01, 76202210424, 20230219010604, 20230219010755
02, 72775730131, 20230324075256, 20230324075503
01, 76816843647, 20230616092835, 20230616093140
02, 78184768034, 20230525124647, 20230525125941
01, 72216372011, 20230609145704, 20230609150917
02, 78328112676, 20230721133818, 20230721133913
01, 72235417888, 20230610095031, 20230610095430
01, 78616003685, 20230515052032, 20230515053250
02, 74811080402, 20230226112907, 20230226114234
02, 76683281360, 20230727234735, 20230728000040
01, 76468571667, 20230425215912, 20230425220909
01, 76851111173, 20230526131251, 20230526131326
01, 73784041253, 20230601182746, 20230601183336
01, 71673782082, 20230615022514, 20230615023404
01, 77157323570, 20230124032826, 20230124034304
01, 78184768034, 20230421233642, 20230421234639
01, 71673782082, 20230628102133, 20230628102459
02, 73226001430, 20230319202759, 20230319203458
02, 74332781056, 20230123152421, 20230123153627
01, 74332781056, 20230505173132, 20230505174253
01, 78881281034, 20230114124653, 20230114125710
01, 78378577311, 20230406045559, 20230406050655
01, 78384741203, 20230414120531, 20230414120639
01, 77222550453, 20230420183543, 20230420184842
02, 74121124248, 20230419160546, 20230419161950
01, 73416453083, 20230111214936, 20230111215037
02, 73486524284, 20230401182859, 20230401184321
02, 72520068330, 20230412120307, 20230412120850
02, 70666445160, 20230520140118, 20230520141037
02, 74442607648, 20230124111344, 20230124112142
01, 76566040868, 20230428164859, 20230428165005
02, 74442607648, 20230705045436, 20230705045740
01, 77668712426, 20230606162606, 20230606163038
01, 77343672150, 20230514152343, 20230514153641
02, 70335707348, 20230727121512, 20230727121649
02, 70848076746, 20230615001443, 20230615001845
02, 77222550453, 20230421045846, 20230421050101
01, 70238800474, 20230312002107, 20230312002254
01, 76833766868, 20230402085313, 20230402085337
02, 72706024647, 20230206082705, 20230206083333
01, 70633604204, 20230125195408, 20230125200549
02, 71240381178, 20230604211158, 20230604212031
01, 78328112676, 20230211014421, 20230211015027
02, 76566040868, 20230309185135, 20230309185703
01, 76418510486, 20230416054744, 20230416055342
01, 75063642644, 20230410110730, 20230410111213
01, 75061833246, 20230301221557, 20230301222122
02, 71240381178, 20230426210506, 20230426211805
01, 77528527308, 20230216010558, 20230216012008
01, 75780142223, 20230423092925, 20230423093022
01, 78616003685, 20230630055344, 20230630060113
02, 70238800474, 20230304184456, 20230304185801
02, 72216372011, 20230724000254, 20230724001020
01, 71218004482, 20230406222339, 20230406223647
01, 77802318645, 20230518165700, 20230518165839
01, 73385232301, 20230321135011, 20230321135256
02, 74228150361, 20230602030752, 20230602031626
01, 74658605174, 20230705205630, 20230705210315
01, 70220548724, 20230314114345, 20230314115609
01, 74442607648, 20230309202201, 20230309202624
02, 72235417888, 20230409064147, 20230409064519
02, 71673782082, 20230421041039, 20230421042452
01, 73486524284, 20230507204400, 20230507205842
01, 72706024647, 20230120003718, 20230120004105
01, 78178473344, 20230522163658, 20230522164623
02, 75770532120, 20230206121629, 20230206122942
02, 71673782082, 20230524005143, 20230524010226
01, 70633604204, 20230618102958, 20230618103955
01, 74442607648, 20230223231604, 20230223231946
02, 74442607648, 20230723183621, 20230723184232
02, 72868156865, 20230309184551, 20230309184750
02, 70770068216, 20230309063225, 20230309063650
01, 74121124248, 20230211123402, 20230211124557
01, 76202210424, 20230116032846, 20230116034120
01, 77052554284, 20230516171900, 20230516172054
02, 72520068330, 20230309041859, 20230309042756
01, 76482366358, 20230518224733, 20230518225130
01, 73784041253, 20230305174540, 20230305175703
02, 77343672150, 20230316055830, 20230316060803
01, 72235417888, 20230325143018, 20230325143603
02, 74114866216, 20230107132315, 20230107132540
01, 71822538478, 20230504040351, 20230504041502
01, 72520068330, 20230706155103, 20230706160317
02, 71240381178, 20230216052505, 20230216053711
01, 76833766868, 20230326044245, 20230326045427
01, 76242547242, 20230330171807, 20230330172305
01, 70238800474, 20230726004813, 20230726005913
02, 77528527308, 20230704170856, 20230704171140
01, 71673782082, 20230317043037, 20230317043626
02, 71822538478, 20230201022306, 20230201023726
01, 76482366358, 20230322150506, 20230322150943
02, 72425888764, 20230122190150, 20230122191118
01, 70848076746, 20230122221802, 20230122222937
02, 70666445160, 20230105231047, 20230105231431
02, 72706024647, 20230412151514, 20230412151929
02, 76851111173, 20230331024008, 20230331025344
01, 74671164335, 20230613134748, 20230613135937
02, 76468571667, 20230123143152, 20230123144615
02, 75770532120, 20230413104318, 20230413105205
01, 74442607648, 20230728011406, 20230728012646
01, 72102744026, 20230507090639, 20230507091100
02, 78328112676, 20230322062233, 20230322062318
02, 70335707348, 20230421065856, 20230421070532
01, 76156457082, 20230422055437, 20230422060636
01, 74121124248, 20230711182835, 20230711183318
02, 73226001430, 20230221131359, 20230221131824
02, 77343672150, 20230526172555, 20230526174018
02, 71858866203, 20230611041910, 20230611042737
02, 71413755134, 20230402202403, 20230402202918
02, 72235417888, 20230119232439, 20230119233932
02, 76714371187, 20230329061547, 20230329062454
01, 78243647753, 20230420081128, 20230420081931
01, 73141885555, 20230316005257, 20230316005738
01, 70704101646, 20230313172336, 20230313173501
02, 70055473811, 20230124223115, 20230124223152
02, 70016300112, 20230403212202, 20230403213304
02, 72047010464, 20230525144755, 20230525145148
02, 71780775137, 20230509020006, 20230509020042
02, 71240381178, 20230814193138, 20230814194100
01, 73486524284, 20230510125807, 20230510131222
02, 74121124248, 20230224220317, 20230224221815
02, 70848076746, 20230416082843, 20230416084121
02, 72706024647, 20230605041938, 20230605041955
02, 73385232301, 20230204082251, 20230204083541
02, 74114866216, 20230412164028, 20230412164430
02, 70633604204, 20230612164208, 20230612165400
01, 74121124248, 20230225101628, 20230225103050
01, 76156457082, 20230511175322, 20230511180522
01, 78616003685, 20230731033715, 20230731035117
02, 78384741203, 20230310184453, 20230310185521
02, 76382717112, 20230621124721, 20230621124900
02, 78243647753, 20230322175439, 20230322180328
01, 77036534123, 20230527022058, 20230527022242
02, 75063642644, 20230217104922, 20230217110249
02, 70335707348, 20230703031128, 20230703031912
01, 71858866203, 20230311232634, 20230311233734
02, 72425888764, 20230129095732, 20230129101007
01, 76242547242, 20230527213457, 20230527214428
01, 73141885555, 20230326065102, 20230326065701
02, 78328112676, 20230113172018, 20230113172958
01, 71673782082, 20230119094823, 20230119095131
01, 72706024647, 20230426220818, 20230426222022
02, 76041140513, 20230309173609, 20230309173735
02, 72047010464, 20230606054409, 20230606055140
02, 76683281360, 20230607150310, 20230607150451
01, 75780142223, 20230325193601, 20230325194335
02, 77528527308, 20230227193256, 20230227194200
01, 72775730131, 20230128095449, 20230128100856
02, 74272808181, 20230504192050, 20230504192424
02, 78616003685, 20230327081739, 20230327082751
02, 76566040868, 20230504040459, 20230504040900
01, 76816843647, 20230531175412, 20230531175552
02, 75114063216, 20230520084700, 20230520085422
01, 71858866203, 20230410125309, 20230410125901
01, 75700021820, 20230624130718, 20230624131751
02, 70850717715, 20230312195851, 20230312200850
01, 74121124248, 20230221074639, 20230221075900
01, 71413755134, 20230128134044, 20230128135037
02, 76041140513, 20230311174742, 20230311175040
01, 70633604204, 20230313152714, 20230313153543
01, 78378577311, 20230110060537, 20230110061141
02, 74272808181, 20230109153735, 20230109155017
01, 76342060083, 20230304043018, 20230304044443
02, 76382717112, 20230531104719, 20230531105216
01, 76382717112, 20230520232905, 20230520234158
01, 73141885555, 20230424061128, 20230424061728
02, 74671164335, 20230507165559, 20230507170859
01, 75700021820, 20230708120352, 20230708121538
02, 70666445160, 20230618075239, 20230618075520
02, 75811301604, 20230615152312, 20230615153740
01, 74114866216, 20230117102523, 20230117103247
02, 77054771658, 20230604042057, 20230604043553
01, 74658605174, 20230530191226, 20230530191638
01, 70577283018, 20230315215323, 20230315215647
02, 77882136073, 20230708063959, 20230708064437
02, 71218004482, 20230222195658, 20230222200836
02, 71822538478, 20230118172735, 20230118173520
01, 70238800474, 20230527100526, 20230527101248
01, 75770532120, 20230323215918, 20230323220752
02, 76342060083, 20230103125920, 20230103130520
01, 76242547242, 20230628164126, 20230628164438
01, 74272808181, 20230604042419, 20230604043640
02, 72216372011, 20230501130744, 20230501131755
01, 77565038525, 20230112000551, 20230112001223
02, 72868156865, 20230418210547, 20230418211156
01, 76382717112, 20230415025737, 20230415030403
01, 77802318645, 20230603010314, 20230603011227
01, 77588772704, 20230709210112, 20230709210419
01, 73784041253, 20230411104533, 20230411104942
02, 77054771658, 20230104231945, 20230104232220
01, 72235417888, 20230507103057, 20230507104301
01, 74332781056, 20230601072652, 20230601072948
01, 72706024647, 20230623061701, 20230623062342
02, 73420731761, 20230319022258, 20230319023017
02, 76683281360, 20230423055140, 20230423060258
02, 71218004482, 20230607195854, 20230607201047
01, 75811301604, 20230526144346, 20230526144959
02, 78243647753, 20230404165228, 20230404165941
01, 70287112718, 20230705174611, 20230705175640
02, 74068186835, 20230629152429, 20230629153920
02, 71240381178, 20230627154210, 20230627154730
01, 74068186835, 20230304080941, 20230304082302
01, 76714371187, 20230112164040, 20230112164612
02, 77565038525, 20230404092145, 20230404093319
02, 77528527308, 20230105044303, 20230105044843
01, 77802318645, 20230708152718, 20230708153204
02, 76342060083, 20230328230958, 20230328231412
02, 76833766868, 20230118031219, 20230118032529
02, 72425888764, 20230502193021, 20230502193850
01, 74811080402, 20230509055447, 20230509060801
02, 75780142223, 20230302042325, 20230302042937
02, 72868156865, 20230531232501, 20230531233139
02, 75700021820, 20230322034531, 20230322035929
01, 73226001430, 20230415122322, 20230415123144
02, 71218004482, 20230124101458, 20230124102704
01, 70848076746, 20230703022612, 20230703023337
01, 77343672150, 20230429182956, 20230429183540
01, 73508334364, 20230511162155, 20230511162257
01, 73571687053, 20230319092130, 20230319093200
02, 78178473344, 20230226102150, 20230226103550
02, 76482366358, 20230624012537, 20230624012915
01, 77528527308, 20230501073920, 20230501074237
01, 76683281360, 20230327230204, 20230327231015
02, 76816843647, 20230514192555, 20230514193812
02, 77882136073, 20230305103541, 20230305104949
02, 77565038525, 20230210124351, 20230210125703
01, 73486524284, 20230415114258, 20230415114517
01, 76816843647, 20230126163126, 20230126163935
02, 72868156865, 20230102061456, 20230102062359
02, 76501622388, 20230328070352, 20230328070738
01, 70753002464, 20230306044226, 20230306045318
01, 76382717112, 20230113233151, 20230113233721
02, 70345807306, 20230517103806, 20230517105303
02, 72216372011, 20230528075022, 20230528075438
02, 70220548724, 20230517180257, 20230517180428
01, 75114063216, 20230424100810, 20230424101541
01, 75063642644, 20230322095020, 20230322095956
01, 70016300112, 20230117020745, 20230117020852
02, 74671164335, 20230413230528, 20230413231650
01, 72047010464, 20230312154203, 20230312154758
02, 77588772704, 20230505170140, 20230505170811
01, 73141885555, 20230407095731, 20230407100531
02, 73784041253, 20230513150819, 20230513151517
01, 72102744026, 20230517054805, 20230517055439
01, 70335707348, 20230106142838, 20230106143740
01, 77565038525, 20230202013848, 20230202015311
01, 72102744026, 20230414113059, 20230414114005
01, 76714371187, 20230101092041, 20230101092158
01, 75803753411, 20230227001724, 20230227002159
02, 78378577311, 20230516013718, 20230516014402
01, 71218004482, 20230203230810, 20230203231417
02, 72102744026, 20230418094232, 20230418094304
01, 76041140513, 20230111015939, 20230111020119
02, 73528126364, 20230324011138, 20230324011954
02, 76418510486, 20230525170006, 20230525170855
01, 71413755134, 20230103053821, 20230103054925
02, 75801482047, 20230108221554, 20230108222953
02, 74811080402, 20230714093630, 20230714093746
01, 77882136073, 20230507020445, 20230507021022
01, 71218004482, 20230511015424, 20230511015559
02, 72775730131, 20230222204733, 20230222204902
02, 73508334364, 20230108140610, 20230108142003
02, 70770068216, 20230317181155, 20230317182625
01, 76714371187, 20230127090135, 20230127091132
01, 73571687053, 20230426090601, 20230426090639
01, 75811301604, 20230609062005, 20230609063248
01, 73141885555, 20230203235347, 20230203235850
01, 74332781056, 20230418104911, 20230418104920
02, 76242547242, 20230115032040, 20230115033359
01, 70287112718, 20230114181256, 20230114181411
01, 70055473811, 20230502190954, 20230502191543
02, 76501622388, 20230422172655, 20230422173257
02, 76714371187, 20230320060824, 20230320060911
02, 70577283018, 20230726143451, 20230726143458
01, 73571687053, 20230318082216, 20230318083022
01, 77343672150, 20230311100203, 20230311100605
02, 76041140513, 20230403224801, 20230403230256
01, 78243647753, 20230203203535, 20230203204540
01, 71780775137, 20230722201150, 20230722202310
01, 70016300112, 20230208165629, 20230208170823
01, 78328112676, 20230725003831, 20230725005024
01, 70577283018, 20230110024529, 20230110024828
02, 76418510486, 20230318144718, 20230318150022
01, 72047010464, 20230427095849, 20230427101223
02, 70238800474, 20230408125246, 20230408130600
02, 70704101646, 20230409054642, 20230409055230
02, 70850717715, 20230208185943, 20230208191020
01, 77157323570, 20230502085703, 20230502085805
01, 73385232301, 20230416092959, 20230416093141
02, 77078004317, 20230602230659, 20230602231632
02, 76468571667, 20230326090851, 20230326090918
02, 73226001430, 20230603113749, 20230603113924
01, 70666445160, 20230412141405, 20230412142453
02, 73226001430, 20230609160141, 20230609161300
02, 73486524284, 20230201150155, 20230201151557
01, 71822538478, 20230329091406, 20230329092206
01, 75801482047, 20230527110807, 20230527112031
01, 72102744026, 20230203182244, 20230203182836
02, 70055473811, 20230228001451, 20230228001925
01, 73385232301, 20230322042559, 20230322043212
02, 77222550453, 20230512020524, 20230512021406
02, 70016300112, 20230316033210, 20230316034244
01, 77078004317, 20230629234037, 20230629234900
02, 72706024647, 20230519192740, 20230519192923
02, 76342060083, 20230513220454, 20230513221549
01, 70753002464, 20230504171015, 20230504171627
01, 76482366358, 20230720103705, 20230720104211
02, 78384741203, 20230109035113, 20230109035156
02, 76041140513, 20230618193957, 20230618195127
01, 76242547242, 20230407171120, 20230407172449
02, 71780775137, 20230713041945, 20230713042119
01, 76242547242, 20230217140059, 20230217140152
01, 76851111173, 20230630175252, 20230630180200
01, 77054771658, 20230102110635, 20230102110956
02, 70345807306, 20230107181903, 20230107182017
02, 77882136073, 20230609031058, 20230609031439
01, 74068186835, 20230305062742, 20230305063857
01, 72047010464, 20230314084456, 20230314085220
01, 70666445160, 20230316214333, 20230316214934
02, 75803753411, 20230717133011, 20230717133121
01, 70850717715, 20230327221211, 20230327221656
01, 78184768034, 20230621081944, 20230621082352
01, 76382717112, 20230127224127, 20230127224510
02, 75700021820, 20230802185127, 20230802185356
02, 76566040868, 20230326024520, 20230326024900
02, 74068186835, 20230304010201, 20230304010508
02, 70287112718, 20230405095150, 20230405100158
01, 77882136073, 20230314093016, 20230314094223
02, 70848076746, 20230114191518, 20230114192137
01, 75061833246, 20230314004124, 20230314004652
01, 76418510486, 20230216121932, 20230216122945
01, 71858866203, 20230517135742, 20230517140330
02, 70016300112, 20230311160942, 20230311161626
02, 70238800474, 20230111155814, 20230111160303
01, 73571687053, 20230312083500, 20230312084901
01, 70220548724, 20230420061207, 20230420062137
02, 72216372011, 20230422074652, 20230422075838
01, 70016300112, 20230518051414, 20230518052401
02, 72425888764, 20230412025306, 20230412030640
02, 73486524284, 20230330042611, 20230330043657
01, 72216372011, 20230122093849, 20230122094336
01, 76833766868, 20230609162957, 20230609163935
02, 77157323570, 20230402103037, 20230402103215
01, 75803753411, 20230606094610, 20230606094626
01, 77802318645, 20230616172239, 20230616173343
02, 75700021820, 20230119074800, 20230119075023
01, 76041140513, 20230602193421, 20230602193947
02, 76851111173, 20230225110602, 20230225111735
01, 78616003685, 20230126123523, 20230126124355
02, 77054771658, 20230310180751, 20230310180811
02, 77802318645, 20230520135311, 20230520140456
01, 73528126364, 20230315134340, 20230315135641
01, 70850717715, 20230510044824, 20230510044926
02, 74811080402, 20230427015517, 20230427020221
02, 76041140513, 20230511112843, 20230511113314
02, 71240381178, 20230529044052, 20230529045144
02, 71780775137, 20230310191444, 20230310192525
02, 71673782082, 20230722211039, 20230722211420
02, 73784041253, 20230706084137, 20230706084148
02, 73420731761, 20230624234742, 20230624235108
02, 76714371187, 20230214124855, 20230214124909
01, 70850717715, 20230309090914, 20230309092134
02, 74114866216, 20230601175123, 20230601175735
02, 70770068216, 20230424211507, 20230424211936
02, 76501622388, 20230219033714, 20230219034338
01, 71413755134, 20230209043544, 20230209044801
01, 77882136073, 20230717061707, 20230717063017
02, 77668712426, 20230606153246, 20230606154040
02, 74166107712, 20230501133714, 20230501134407
01, 70220548724, 20230519040153, 20230519040848
01, 73416453083, 20230415125005, 20230415125919
01, 76156457082, 20230604010145, 20230604011236
01, 76714371187, 20230523024827, 20230523024910
01, 71413755134, 20230321064024, 20230321064641
02, 70666445160, 20230423181720, 20230423182114
02, 72775730131, 20230613201914, 20230613202953
01, 76482366358, 20230119075259, 20230119075619
02, 76382717112, 20230129183238, 20230129184114
02, 76833766868, 20230506165356, 20230506165839
02, 76482366358, 20230413141910, 20230413142352
01, 78384741203, 20230429063301, 20230429064240
02, 76683281360, 20230501230638, 20230501231815
01, 78384741203, 20230510185703, 20230510190709
02, 73416453083, 20230327010338, 20230327010819
01, 73528126364, 20230115162827, 20230115163359
02, 71218004482, 20230321160915, 20230321162221
02, 77882136073, 20230318074602, 20230318075956
02, 77078004317, 20230620013624, 20230620014932
01, 72868156865, 20230507002031, 20230507002107
02, 73571687053, 20230213081434, 20230213081728
01, 76041140513, 20230413041128, 20230413041648
02, 70666445160, 20230228063828, 20230228064802
01, 75063642644, 20230416063031, 20230416063238
02, 73226001430, 20230206172011, 20230206172543
01, 71858866203, 20230601122337, 20230601123218
02, 70577283018, 20230623014659, 20230623015503
02, 77078004317, 20230525225531, 20230525230626
01, 73141885555, 20230615081529, 20230615082434
01, 73508334364, 20230305150111, 20230305150920
02, 78881281034, 20230722163217, 20230722163327
01, 75780142223, 20230512101337, 20230512101935
01, 77668712426, 20230301105740, 20230301110010
02, 77588772704, 20230404045219, 20230404050346
02, 75563428838, 20230521124231, 20230521125414
02, 72520068330, 20230123055343, 20230123060222
01, 78616003685, 20230414091110, 20230414092114
02, 71673782082, 20230604160054, 20230604160236
01, 73420731761, 20230131071913, 20230131072733
02, 76418510486, 20230325145914, 20230325150857
01, 75700021820, 20230122181951, 20230122182632
02, 75114063216, 20230213192013, 20230213192515
01, 74671164335, 20230419104026, 20230419104646
01, 74658605174, 20230103053619, 20230103054754
02, 71240381178, 20230315030417, 20230315031815
02, 78378577311, 20230530061959, 20230530062609
02, 75700021820, 20230512143909, 20230512145333
02, 76156457082, 20230105183708, 20230105184601
02, 72775730131, 20230410173132, 20230410174033
01, 70220548724, 20230427205924, 20230427210712
02, 76851111173, 20230330060139, 20230330061019
01, 74228150361, 20230328183144, 20230328184038
02, 74272808181, 20230520132516, 20230520132630
02, 75061833246, 20230428214253, 20230428215610
01, 76242547242, 20230403231804, 20230403232210
01, 76418510486, 20230607191404, 20230607192206
02, 72216372011, 20230209160429, 20230209161520
01, 73141885555, 20230617065427, 20230617065705
01, 77588772704, 20230210043601, 20230210044600
02, 78384741203, 20230121132915, 20230121133552
01, 70770068216, 20230620160526, 20230620160825
01, 77802318645, 20230628100855, 20230628102240
01, 74458264013, 20230125041629, 20230125042332
01, 74166107712, 20230212115633, 20230212115718
01, 70220548724, 20230201233629, 20230201234943
01, 73420731761, 20230224134659, 20230224134725
01, 72706024647, 20230113214926, 20230113215928
01, 77802318645, 20230412075557, 20230412080942
02, 75563428838, 20230601105639, 20230601110650
02, 76202210424, 20230504140039, 20230504141211
01, 76816843647, 20230318112925, 20230318114003
02, 78328112676, 20230511053318, 20230511053927
02, 75563428838, 20230406003245, 20230406003907
01, 78184768034, 20230211225942, 20230211230712
02, 74166107712, 20230324235014, 20230325000157
02, 71413755134, 20230101161416, 20230101161856
02, 76202210424, 20230209194620, 20230209195706
01, 76156457082, 20230122061244, 20230122062644
02, 73528126364, 20230126170910, 20230126171642
02, 70770068216, 20230206033606, 20230206033843
02, 70287112718, 20230405231947, 20230405233102
02, 70850717715, 20230604203020, 20230604203345
01, 73528126364, 20230225061406, 20230225062439
01, 76468571667, 20230108171453, 20230108172917
02, 78178473344, 20230425021025, 20230425021050
02, 70220548724, 20230127120643, 20230127122001
01, 75811301604, 20230219090400, 20230219091436
02, 78881281034, 20230209161858, 20230209161941
02, 76501622388, 20230521230945, 20230521231332
02, 75114063216, 20230117224746, 20230117225810
01, 70633604204, 20230302053253, 20230302054254
01, 76501622388, 20230110220950, 20230110221655
01, 72047010464, 20230218112732, 20230218113225
01, 74272808181, 20230408192747, 20230408194038
01, 76501622388, 20230510005253, 20230510005922
01, 76833766868, 20230218075549, 20230218080355
01, 70287112718, 20230222010912, 20230222011015
01, 74166107712, 20230313234322, 20230313234435
01, 71240381178, 20230801020741, 20230801022233
02, 71413755134, 20230609072529, 20230609073127
01, 70055473811, 20230311172050, 20230311172848
01, 71780775137, 20230425103520, 20230425104850
02, 71858866203, 20230123002018, 20230123002116
02, 77882136073, 20230403164110, 20230403165507
01, 72775730131, 20230130021649, 20230130022806
01, 75811301604, 20230409050155, 20230409050803
01, 74114866216, 20230320121749, 20230320122222
01, 78881281034, 20230705184345, 20230705185617
01, 70577283018, 20230218234146, 20230218235607
02, 73486524284, 20230123182730, 20230123182913
01, 74068186835, 20230130024031, 20230130024034
01, 74658605174, 20230407214312, 20230407215137
02, 77565038525, 20230227104504, 20230227104751
01, 74442607648, 20230519075221, 20230519075803
02, 75114063216, 20230401193854, 20230401194329
01, 74458264013, 20230116094539, 20230116094621
01, 73508334364, 20230503112424, 20230503113358
01, 75801482047, 20230122184732, 20230122185934
02, 76683281360, 20230306092121, 20230306092150
02, 77588772704, 20230602041058, 20230602041105
02, 71673782082, 20230404013723, 20230404015147
02, 77052554284, 20230516231158, 20230516232308
02, 78178473344, 20230121104337, 20230121105350
02, 78184768034, 20230423231730, 20230423232408
01, 77343672150, 20230220230411, 20230220231804
01, 75770532120, 20230318115656, 20230318120053
02, 77882136073, 20230523194322, 20230523195237
01, 72216372011, 20230217162110, 20230217163040
01, 75563428838, 20230303142319, 20230303143021
02, 70666445160, 20230302070640, 20230302071326
02, 74458264013, 20230303131601, 20230303131724
02, 77222550453, 20230307235207, 20230307235255
02, 77668712426, 20230303055955, 20230303060051
01, 74068186835, 20230322173035, 20230322173117
02, 78328112676, 20230720073226, 20230720074155
02, 73508334364, 20230320230227, 20230320231218
02, 75801482047, 20230217205722, 20230217211022
02, 73508334364, 20230627134223, 20230627134459
01, 78178473344, 20230711193804, 20230711195145
02, 77078004317, 20230414232326, 20230414232708
01, 77528527308, 20230329111217, 20230329112616
01, 70577283018, 20230406014641, 20230406015747
02, 75063642644, 20230531215824, 20230531220222
02, 75811301604, 20230417145117, 20230417145652
01, 75563428838, 20230321080047, 20230321081504
02, 70287112718, 20230416231536, 20230416232339
01, 75801482047, 20230510210448, 20230510211352
02, 74228150361, 20230511171315, 20230511172148
02, 70016300112, 20230119105845, 20230119110136
01, 76482366358, 20230320032119, 20230320032727
02, 75803753411, 20230322185337, 20230322190553
01, 74228150361, 20230131082614, 20230131083826
02, 70770068216, 20230527093514, 20230527093551
02, 74811080402, 20230316132520, 20230316133825
02, 70848076746, 20230505223838, 20230505224449
01, 76202210424, 20230602104350, 20230602105512
02, 74332781056, 20230309010821, 20230309010913
02, 75063642644, 20230115012219, 20230115012506
01, 74166107712, 20230130040245, 20230130041156
01, 71822538478, 20230214151839, 20230214151846
01, 74458264013, 20230604094340, 20230604095151
02, 76851111173, 20230604195319, 20230604195340
01, 77036534123, 20230616060423, 20230616061004
01, 75780142223, 20230121213120, 20230121214306
02, 76851111173, 20230212232946, 20230212234103
01, 77036534123, 20230208081812, 20230208083041
01, 74671164335, 20230613101621, 20230613102820
01, 70345807306, 20230614133716, 20230614134039
01, 72775730131, 20230406074351, 20230406074907
02, 77668712426, 20230314174049, 20230314174326
01, 75770532120, 20230604235320, 20230604235837
02, 70704101646, 20230526065125, 20230526070349
01, 73385232301, 20230523214859, 20230523215033
01, 70220548724, 20230508160027, 20230508161520
01, 72047010464, 20230211095437, 20230211100507
02, 77668712426, 20230517220016, 20230517220927
02, 77528527308, 20230626184752, 20230626185908
01, 73486524284, 20230507221458, 20230507222116
02, 74811080402, 20230402050722, 20230402052124
02, 72047010464, 20230323063313, 20230323064718
01, 73784041253, 20230628044514, 20230628045238
01, 70238800474, 20230318142601, 20230318143029
02, 70335707348, 20230125062920, 20230125062935
01, 75700021820, 20230525092640, 20230525092655
01, 71822538478, 20230414005027, 20230414010035
02, 72706024647, 20230710194222, 20230710194450
02, 71858866203, 20230201011128, 20230201012149
01, 76342060083, 20230510123040, 20230510124355
02, 76382717112, 20230212141949, 20230212142453
02, 73571687053, 20230604063932, 20230604064928
02, 75803753411, 20230630065412, 20230630065541
02, 71673782082, 20230126014114, 20230126015323
02, 73486524284, 20230118161819, 20230118163058
01, 71858866203, 20230701053652, 20230701054248
02, 74068186835, 20230118032034, 20230118033053
02, 73784041253, 20230206210111, 20230206211610
02, 74121124248, 20230501164356, 20230501165138
01, 70704101646, 20230608053211, 20230608053703
01, 75780142223, 20230512234512, 20230512234959
01, 77588772704, 20230326061335, 20230326062454
01, 77802318645, 20230316083844, 20230316084704
02, 70770068216, 20230116001513, 20230116002015
01, 74811080402, 20230130110907, 20230130111029
02, 76816843647, 20230205031641, 20230205032356
01, 75700021820, 20230607235522, 20230608000948
02, 74228150361, 20230413213617, 20230413214956
02, 78178473344, 20230111145330, 20230111150255
01, 75700021820, 20230723074229, 20230723074901
01, 76833766868, 20230522183715, 20230522184600
02, 72102744026, 20230626052902, 20230626053005
